Sample	0	1	2	3	4	5	6	7	8	9	10	11	12	13	14	15	16	17	18	19	20	21	22	23	24	25	26	27	28	29	30	31	32	33	34	35	36	37
hst3.4.10_TCTCGCGC-TATAGCCT_L001_R1_001	(2.0, 163.0)	(3.0, 65.0)	(4.0, 35.0)	(5.0, 39.0)	(6.0, 35.0)	(7.0, 95.0)	(8.0, 167.0)	(9.0, 336.0)	(10.0, 694.0)	(11.0, 964.0)	(12.0, 1130.0)	(13.0, 1341.0)	(14.0, 1328.0)	(15.0, 1287.0)	(16.0, 1167.0)	(17.0, 1143.0)	(18.0, 1117.0)	(19.0, 1207.0)	(20.0, 1318.0)	(21.0, 1375.0)	(22.0, 1540.0)	(23.0, 1847.0)	(24.0, 2352.0)	(25.0, 3386.0)	(26.0, 4730.0)	(27.0, 6584.0)	(28.0, 9107.0)	(29.0, 12321.0)	(30.0, 15280.0)	(31.0, 20183.0)	(32.0, 26055.0)	(33.0, 34255.0)	(34.0, 45654.0)	(35.0, 63257.0)	(36.0, 96535.0)	(37.0, 185999.0)	(38.0, 760737.0)	(39.0, 2222888.0)
hst3.4.10_TCTCGCGC-TATAGCCT_L001_R2_001	(2.0, 31252.0)	(3.0, 3991.0)	(4.0, 2934.0)	(5.0, 2367.0)	(6.0, 1955.0)	(7.0, 1856.0)	(8.0, 1949.0)	(9.0, 2064.0)	(10.0, 2254.0)	(11.0, 2380.0)	(12.0, 2466.0)	(13.0, 2436.0)	(14.0, 2397.0)	(15.0, 2376.0)	(16.0, 2329.0)	(17.0, 2352.0)	(18.0, 2543.0)	(19.0, 2582.0)	(20.0, 2864.0)	(21.0, 3581.0)	(22.0, 4438.0)	(23.0, 5925.0)	(24.0, 7522.0)	(25.0, 9441.0)	(26.0, 11109.0)	(27.0, 13315.0)	(28.0, 15516.0)	(29.0, 17904.0)	(30.0, 20960.0)	(31.0, 25386.0)	(32.0, 31194.0)	(33.0, 39065.0)	(34.0, 51151.0)	(35.0, 71703.0)	(36.0, 111753.0)	(37.0, 239814.0)	(38.0, 1111528.0)	(39.0, 1661064.0)
hst3.4.10_TCTCGCGC-TATAGCCT_L002_R1_001	(2.0, 130.0)	(3.0, 64.0)	(4.0, 29.0)	(5.0, 32.0)	(6.0, 56.0)	(7.0, 111.0)	(8.0, 192.0)	(9.0, 367.0)	(10.0, 692.0)	(11.0, 988.0)	(12.0, 1177.0)	(13.0, 1343.0)	(14.0, 1433.0)	(15.0, 1354.0)	(16.0, 1275.0)	(17.0, 1212.0)	(18.0, 1189.0)	(19.0, 1276.0)	(20.0, 1299.0)	(21.0, 1413.0)	(22.0, 1529.0)	(23.0, 1848.0)	(24.0, 2436.0)	(25.0, 3446.0)	(26.0, 4866.0)	(27.0, 7061.0)	(28.0, 9874.0)	(29.0, 13124.0)	(30.0, 16444.0)	(31.0, 21387.0)	(32.0, 27688.0)	(33.0, 36006.0)	(34.0, 48145.0)	(35.0, 66225.0)	(36.0, 101885.0)	(37.0, 194840.0)	(38.0, 773670.0)	(39.0, 2258398.0)
hst3.4.10_TCTCGCGC-TATAGCCT_L002_R2_001	(2.0, 32437.0)	(3.0, 4160.0)	(4.0, 2914.0)	(5.0, 2392.0)	(6.0, 2045.0)	(7.0, 1928.0)	(8.0, 1947.0)	(9.0, 2191.0)	(10.0, 2308.0)	(11.0, 2482.0)	(12.0, 2470.0)	(13.0, 2534.0)	(14.0, 2523.0)	(15.0, 2409.0)	(16.0, 2410.0)	(17.0, 2495.0)	(18.0, 2496.0)	(19.0, 2760.0)	(20.0, 2978.0)	(21.0, 3662.0)	(22.0, 4751.0)	(23.0, 6216.0)	(24.0, 7937.0)	(25.0, 9667.0)	(26.0, 11484.0)	(27.0, 13676.0)	(28.0, 15859.0)	(29.0, 18603.0)	(30.0, 22145.0)	(31.0, 26199.0)	(32.0, 32467.0)	(33.0, 40715.0)	(34.0, 53686.0)	(35.0, 74595.0)	(36.0, 116602.0)	(37.0, 246054.0)	(38.0, 1126445.0)	(39.0, 1695862.0)
hst3.4.11_AGCGATAG-TATAGCCT_L001_R1_001	(2.0, 104.0)	(3.0, 45.0)	(4.0, 24.0)	(5.0, 29.0)	(6.0, 43.0)	(7.0, 101.0)	(8.0, 182.0)	(9.0, 386.0)	(10.0, 685.0)	(11.0, 945.0)	(12.0, 1054.0)	(13.0, 1140.0)	(14.0, 1219.0)	(15.0, 1174.0)	(16.0, 1096.0)	(17.0, 1035.0)	(18.0, 1058.0)	(19.0, 1141.0)	(20.0, 1085.0)	(21.0, 1193.0)	(22.0, 1323.0)	(23.0, 1615.0)	(24.0, 2019.0)	(25.0, 2668.0)	(26.0, 3910.0)	(27.0, 5481.0)	(28.0, 7686.0)	(29.0, 10115.0)	(30.0, 12777.0)	(31.0, 16467.0)	(32.0, 21291.0)	(33.0, 27826.0)	(34.0, 37358.0)	(35.0, 52005.0)	(36.0, 78761.0)	(37.0, 151460.0)	(38.0, 611545.0)	(39.0, 1886767.0)
hst3.4.11_AGCGATAG-TATAGCCT_L001_R2_001	(2.0, 25146.0)	(3.0, 3402.0)	(4.0, 2453.0)	(5.0, 2021.0)	(6.0, 1686.0)	(7.0, 1555.0)	(8.0, 1566.0)	(9.0, 1758.0)	(10.0, 2012.0)	(11.0, 2074.0)	(12.0, 2099.0)	(13.0, 2173.0)	(14.0, 2043.0)	(15.0, 2048.0)	(16.0, 1921.0)	(17.0, 2115.0)	(18.0, 2078.0)	(19.0, 2213.0)	(20.0, 2407.0)	(21.0, 2772.0)	(22.0, 3588.0)	(23.0, 4884.0)	(24.0, 5987.0)	(25.0, 7436.0)	(26.0, 8927.0)	(27.0, 10548.0)	(28.0, 12278.0)	(29.0, 14393.0)	(30.0, 16742.0)	(31.0, 20306.0)	(32.0, 24449.0)	(33.0, 31139.0)	(34.0, 40860.0)	(35.0, 56727.0)	(36.0, 86391.0)	(37.0, 176418.0)	(38.0, 794657.0)	(39.0, 1563541.0)
hst3.4.11_AGCGATAG-TATAGCCT_L002_R1_001	(2.0, 109.0)	(3.0, 62.0)	(4.0, 28.0)	(5.0, 21.0)	(6.0, 37.0)	(7.0, 86.0)	(8.0, 210.0)	(9.0, 459.0)	(10.0, 779.0)	(11.0, 967.0)	(12.0, 1115.0)	(13.0, 1226.0)	(14.0, 1194.0)	(15.0, 1170.0)	(16.0, 1130.0)	(17.0, 1073.0)	(18.0, 1028.0)	(19.0, 1066.0)	(20.0, 1138.0)	(21.0, 1177.0)	(22.0, 1337.0)	(23.0, 1565.0)	(24.0, 2106.0)	(25.0, 2785.0)	(26.0, 4154.0)	(27.0, 5677.0)	(28.0, 8025.0)	(29.0, 10486.0)	(30.0, 13284.0)	(31.0, 17352.0)	(32.0, 22577.0)	(33.0, 29256.0)	(34.0, 38965.0)	(35.0, 54409.0)	(36.0, 82485.0)	(37.0, 157440.0)	(38.0, 620456.0)	(39.0, 1909200.0)
hst3.4.11_AGCGATAG-TATAGCCT_L002_R2_001	(2.0, 25694.0)	(3.0, 3473.0)	(4.0, 2480.0)	(5.0, 2029.0)	(6.0, 1662.0)	(7.0, 1534.0)	(8.0, 1603.0)	(9.0, 1739.0)	(10.0, 1999.0)	(11.0, 2084.0)	(12.0, 2150.0)	(13.0, 2159.0)	(14.0, 2087.0)	(15.0, 2056.0)	(16.0, 2022.0)	(17.0, 2085.0)	(18.0, 2124.0)	(19.0, 2178.0)	(20.0, 2388.0)	(21.0, 2904.0)	(22.0, 3709.0)	(23.0, 4913.0)	(24.0, 6086.0)	(25.0, 7595.0)	(26.0, 9141.0)	(27.0, 11029.0)	(28.0, 13071.0)	(29.0, 14955.0)	(30.0, 17565.0)	(31.0, 20809.0)	(32.0, 25550.0)	(33.0, 32315.0)	(34.0, 41824.0)	(35.0, 58352.0)	(36.0, 89686.0)	(37.0, 180149.0)	(38.0, 795336.0)	(39.0, 1597099.0)
hst3.4.12_CGGCTATG-GGCTCTGA_L001_R1	(21.0, 2.0)	(22.0, 70.0)	(23.0, 514.0)	(24.0, 1237.0)	(25.0, 1919.0)	(26.0, 2749.0)	(27.0, 3997.0)	(28.0, 5587.0)	(29.0, 8149.0)	(30.0, 10932.0)	(31.0, 14844.0)	(32.0, 19922.0)	(33.0, 26705.0)	(34.0, 36531.0)	(35.0, 51993.0)	(36.0, 80845.0)	(37.0, 156316.0)	(38.0, 642076.0)	(39.0, 1939295.0)																			
hst3.4.12_CGGCTATG-GGCTCTGA_L001_R2	(21.0, 1.0)	(22.0, 132.0)	(23.0, 1313.0)	(24.0, 4277.0)	(25.0, 6653.0)	(26.0, 8118.0)	(27.0, 9939.0)	(28.0, 11811.0)	(29.0, 14435.0)	(30.0, 17341.0)	(31.0, 20909.0)	(32.0, 26253.0)	(33.0, 32936.0)	(34.0, 43903.0)	(35.0, 61953.0)	(36.0, 96479.0)	(37.0, 204506.0)	(38.0, 945550.0)	(39.0, 1497174.0)																			
hst3.4.12_CGGCTATG-GGCTCTGA_L002_R1	(21.0, 1.0)	(22.0, 72.0)	(23.0, 542.0)	(24.0, 1329.0)	(25.0, 1997.0)	(26.0, 2916.0)	(27.0, 4275.0)	(28.0, 6167.0)	(29.0, 8716.0)	(30.0, 11740.0)	(31.0, 15794.0)	(32.0, 21214.0)	(33.0, 28583.0)	(34.0, 38589.0)	(35.0, 54660.0)	(36.0, 84396.0)	(37.0, 164063.0)	(38.0, 652565.0)	(39.0, 1955101.0)																			
hst3.4.12_CGGCTATG-GGCTCTGA_L002_R2	(20.0, 1.0)	(21.0, 5.0)	(22.0, 134.0)	(23.0, 1351.0)	(24.0, 4418.0)	(25.0, 6729.0)	(26.0, 8341.0)	(27.0, 10237.0)	(28.0, 12332.0)	(29.0, 15066.0)	(30.0, 17857.0)	(31.0, 21827.0)	(32.0, 27188.0)	(33.0, 34671.0)	(34.0, 45569.0)	(35.0, 64038.0)	(36.0, 100409.0)	(37.0, 209274.0)	(38.0, 948740.0)	(39.0, 1524533.0)																		
hst3.4.13_TCCGCGAA-GGCTCTGA_L001_R1_001	(2.0, 155.0)	(3.0, 52.0)	(4.0, 18.0)	(5.0, 27.0)	(6.0, 30.0)	(7.0, 59.0)	(8.0, 144.0)	(9.0, 268.0)	(10.0, 553.0)	(11.0, 718.0)	(12.0, 913.0)	(13.0, 1011.0)	(14.0, 1042.0)	(15.0, 1052.0)	(16.0, 990.0)	(17.0, 986.0)	(18.0, 931.0)	(19.0, 971.0)	(20.0, 1009.0)	(21.0, 1051.0)	(22.0, 1244.0)	(23.0, 1422.0)	(24.0, 1970.0)	(25.0, 2683.0)	(26.0, 3818.0)	(27.0, 5377.0)	(28.0, 7691.0)	(29.0, 9972.0)	(30.0, 12887.0)	(31.0, 17036.0)	(32.0, 22273.0)	(33.0, 29116.0)	(34.0, 39148.0)	(35.0, 54466.0)	(36.0, 84611.0)	(37.0, 164190.0)	(38.0, 672356.0)	(39.0, 1921815.0)
hst3.4.13_TCCGCGAA-GGCTCTGA_L001_R2_001	(2.0, 17340.0)	(3.0, 2845.0)	(4.0, 2003.0)	(5.0, 1633.0)	(6.0, 1379.0)	(7.0, 1339.0)	(8.0, 1539.0)	(9.0, 1498.0)	(10.0, 1823.0)	(11.0, 1822.0)	(12.0, 1939.0)	(13.0, 1963.0)	(14.0, 2056.0)	(15.0, 2056.0)	(16.0, 2322.0)	(17.0, 2004.0)	(18.0, 2156.0)	(19.0, 2235.0)	(20.0, 2383.0)	(21.0, 2790.0)	(22.0, 3678.0)	(23.0, 4956.0)	(24.0, 6191.0)	(25.0, 7936.0)	(26.0, 9718.0)	(27.0, 11578.0)	(28.0, 13722.0)	(29.0, 16353.0)	(30.0, 19213.0)	(31.0, 23250.0)	(32.0, 28338.0)	(33.0, 36044.0)	(34.0, 47445.0)	(35.0, 65471.0)	(36.0, 102538.0)	(37.0, 220024.0)	(38.0, 1008159.0)	(39.0, 1384316.0)
hst3.4.13_TCCGCGAA-GGCTCTGA_L002_R1_001	(2.0, 115.0)	(3.0, 47.0)	(4.0, 25.0)	(5.0, 29.0)	(6.0, 31.0)	(7.0, 64.0)	(8.0, 159.0)	(9.0, 323.0)	(10.0, 595.0)	(11.0, 770.0)	(12.0, 964.0)	(13.0, 1071.0)	(14.0, 1057.0)	(15.0, 1057.0)	(16.0, 944.0)	(17.0, 919.0)	(18.0, 956.0)	(19.0, 990.0)	(20.0, 1029.0)	(21.0, 1132.0)	(22.0, 1223.0)	(23.0, 1512.0)	(24.0, 1958.0)	(25.0, 2857.0)	(26.0, 3965.0)	(27.0, 5618.0)	(28.0, 8104.0)	(29.0, 10914.0)	(30.0, 13897.0)	(31.0, 17983.0)	(32.0, 23729.0)	(33.0, 30773.0)	(34.0, 41725.0)	(35.0, 57234.0)	(36.0, 88426.0)	(37.0, 171700.0)	(38.0, 683189.0)	(39.0, 1946428.0)
hst3.4.13_TCCGCGAA-GGCTCTGA_L002_R2_001	(2.0, 18238.0)	(3.0, 2977.0)	(4.0, 2078.0)	(5.0, 1693.0)	(6.0, 1504.0)	(7.0, 1428.0)	(8.0, 1485.0)	(9.0, 1661.0)	(10.0, 1805.0)	(11.0, 1943.0)	(12.0, 1977.0)	(13.0, 2098.0)	(14.0, 1998.0)	(15.0, 2154.0)	(16.0, 2408.0)	(17.0, 2093.0)	(18.0, 2117.0)	(19.0, 2370.0)	(20.0, 2602.0)	(21.0, 3076.0)	(22.0, 4016.0)	(23.0, 5421.0)	(24.0, 6894.0)	(25.0, 8482.0)	(26.0, 10438.0)	(27.0, 12292.0)	(28.0, 14871.0)	(29.0, 17463.0)	(30.0, 20768.0)	(31.0, 24899.0)	(32.0, 30373.0)	(33.0, 38287.0)	(34.0, 49890.0)	(35.0, 69176.0)	(36.0, 108803.0)	(37.0, 234701.0)	(38.0, 1049747.0)	(39.0, 1359286.0)
hst3.4.14_TCTCGCGC-GGCTCTGA_L001_R1_001	(2.0, 143.0)	(3.0, 59.0)	(4.0, 31.0)	(5.0, 25.0)	(6.0, 40.0)	(7.0, 77.0)	(8.0, 161.0)	(9.0, 295.0)	(10.0, 573.0)	(11.0, 749.0)	(12.0, 931.0)	(13.0, 1005.0)	(14.0, 1103.0)	(15.0, 1070.0)	(16.0, 1001.0)	(17.0, 954.0)	(18.0, 998.0)	(19.0, 952.0)	(20.0, 1092.0)	(21.0, 1151.0)	(22.0, 1324.0)	(23.0, 1556.0)	(24.0, 2037.0)	(25.0, 2715.0)	(26.0, 4001.0)	(27.0, 5699.0)	(28.0, 8018.0)	(29.0, 10749.0)	(30.0, 13900.0)	(31.0, 17978.0)	(32.0, 23339.0)	(33.0, 31060.0)	(34.0, 41356.0)	(35.0, 57558.0)	(36.0, 88363.0)	(37.0, 171513.0)	(38.0, 702902.0)	(39.0, 2032040.0)
hst3.4.14_TCTCGCGC-GGCTCTGA_L001_R2_001	(2.0, 18252.0)	(3.0, 2532.0)	(4.0, 1843.0)	(5.0, 1579.0)	(6.0, 1304.0)	(7.0, 1374.0)	(8.0, 1387.0)	(9.0, 1563.0)	(10.0, 1717.0)	(11.0, 1969.0)	(12.0, 1969.0)	(13.0, 1995.0)	(14.0, 2041.0)	(15.0, 2060.0)	(16.0, 2305.0)	(17.0, 2019.0)	(18.0, 2013.0)	(19.0, 2088.0)	(20.0, 2341.0)	(21.0, 2701.0)	(22.0, 3533.0)	(23.0, 4912.0)	(24.0, 6180.0)	(25.0, 7727.0)	(26.0, 9350.0)	(27.0, 11468.0)	(28.0, 13616.0)	(29.0, 16314.0)	(30.0, 19382.0)	(31.0, 23610.0)	(32.0, 29151.0)	(33.0, 36907.0)	(34.0, 48289.0)	(35.0, 68182.0)	(36.0, 106699.0)	(37.0, 231465.0)	(38.0, 1072613.0)	(39.0, 1464068.0)
hst3.4.14_TCTCGCGC-GGCTCTGA_L002_R1_001	(2.0, 129.0)	(3.0, 62.0)	(4.0, 18.0)	(5.0, 21.0)	(6.0, 41.0)	(7.0, 84.0)	(8.0, 160.0)	(9.0, 304.0)	(10.0, 599.0)	(11.0, 827.0)	(12.0, 961.0)	(13.0, 1112.0)	(14.0, 1186.0)	(15.0, 1082.0)	(16.0, 1067.0)	(17.0, 1028.0)	(18.0, 950.0)	(19.0, 1042.0)	(20.0, 1052.0)	(21.0, 1174.0)	(22.0, 1401.0)	(23.0, 1649.0)	(24.0, 2152.0)	(25.0, 3006.0)	(26.0, 4207.0)	(27.0, 6073.0)	(28.0, 8463.0)	(29.0, 11449.0)	(30.0, 14534.0)	(31.0, 19199.0)	(32.0, 24717.0)	(33.0, 32688.0)	(34.0, 43527.0)	(35.0, 61082.0)	(36.0, 93760.0)	(37.0, 180176.0)	(38.0, 715584.0)	(39.0, 2053135.0)
hst3.4.14_TCTCGCGC-GGCTCTGA_L002_R2_001	(2.0, 18624.0)	(3.0, 2560.0)	(4.0, 1898.0)	(5.0, 1611.0)	(6.0, 1385.0)	(7.0, 1401.0)	(8.0, 1430.0)	(9.0, 1558.0)	(10.0, 1682.0)	(11.0, 1882.0)	(12.0, 1989.0)	(13.0, 2069.0)	(14.0, 2017.0)	(15.0, 2164.0)	(16.0, 2264.0)	(17.0, 1998.0)	(18.0, 2053.0)	(19.0, 2106.0)	(20.0, 2349.0)	(21.0, 2782.0)	(22.0, 3813.0)	(23.0, 4824.0)	(24.0, 6328.0)	(25.0, 7932.0)	(26.0, 9760.0)	(27.0, 12091.0)	(28.0, 14051.0)	(29.0, 16945.0)	(30.0, 20520.0)	(31.0, 24600.0)	(32.0, 30278.0)	(33.0, 38277.0)	(34.0, 50680.0)	(35.0, 70327.0)	(36.0, 111261.0)	(37.0, 237258.0)	(38.0, 1080255.0)	(39.0, 1494679.0)
hst3.4.15_AGCGATAG-GGCTCTGA_L001_R1_001	(2.0, 128.0)	(3.0, 39.0)	(4.0, 35.0)	(5.0, 31.0)	(6.0, 52.0)	(7.0, 93.0)	(8.0, 181.0)	(9.0, 359.0)	(10.0, 643.0)	(11.0, 822.0)	(12.0, 954.0)	(13.0, 1048.0)	(14.0, 1036.0)	(15.0, 1047.0)	(16.0, 1003.0)	(17.0, 975.0)	(18.0, 969.0)	(19.0, 933.0)	(20.0, 951.0)	(21.0, 1127.0)	(22.0, 1217.0)	(23.0, 1419.0)	(24.0, 1866.0)	(25.0, 2532.0)	(26.0, 3639.0)	(27.0, 5081.0)	(28.0, 7352.0)	(29.0, 9769.0)	(30.0, 12501.0)	(31.0, 16329.0)	(32.0, 21441.0)	(33.0, 28109.0)	(34.0, 37531.0)	(35.0, 52006.0)	(36.0, 80225.0)	(37.0, 155444.0)	(38.0, 634352.0)	(39.0, 1870142.0)
hst3.4.15_AGCGATAG-GGCTCTGA_L001_R2_001	(2.0, 16563.0)	(3.0, 2514.0)	(4.0, 1816.0)	(5.0, 1550.0)	(6.0, 1327.0)	(7.0, 1246.0)	(8.0, 1351.0)	(9.0, 1504.0)	(10.0, 1715.0)	(11.0, 1817.0)	(12.0, 1853.0)	(13.0, 1947.0)	(14.0, 1951.0)	(15.0, 1989.0)	(16.0, 2256.0)	(17.0, 1994.0)	(18.0, 1901.0)	(19.0, 2020.0)	(20.0, 2173.0)	(21.0, 2636.0)	(22.0, 3245.0)	(23.0, 4563.0)	(24.0, 5779.0)	(25.0, 7196.0)	(26.0, 8755.0)	(27.0, 10449.0)	(28.0, 12139.0)	(29.0, 14393.0)	(30.0, 17184.0)	(31.0, 20956.0)	(32.0, 25434.0)	(33.0, 32636.0)	(34.0, 42468.0)	(35.0, 59880.0)	(36.0, 91906.0)	(37.0, 191257.0)	(38.0, 868765.0)	(39.0, 1484253.0)
hst3.4.15_AGCGATAG-GGCTCTGA_L002_R1_001	(2.0, 109.0)	(3.0, 43.0)	(4.0, 28.0)	(5.0, 28.0)	(6.0, 40.0)	(7.0, 66.0)	(8.0, 166.0)	(9.0, 340.0)	(10.0, 631.0)	(11.0, 860.0)	(12.0, 1001.0)	(13.0, 1031.0)	(14.0, 1063.0)	(15.0, 1060.0)	(16.0, 1004.0)	(17.0, 917.0)	(18.0, 947.0)	(19.0, 971.0)	(20.0, 1043.0)	(21.0, 1115.0)	(22.0, 1233.0)	(23.0, 1547.0)	(24.0, 1978.0)	(25.0, 2700.0)	(26.0, 3765.0)	(27.0, 5566.0)	(28.0, 7775.0)	(29.0, 10275.0)	(30.0, 12944.0)	(31.0, 17237.0)	(32.0, 22551.0)	(33.0, 29525.0)	(34.0, 39291.0)	(35.0, 54491.0)	(36.0, 83896.0)	(37.0, 161615.0)	(38.0, 640547.0)	(39.0, 1885172.0)
hst3.4.15_AGCGATAG-GGCTCTGA_L002_R2_001	(2.0, 17204.0)	(3.0, 2617.0)	(4.0, 1882.0)	(5.0, 1653.0)	(6.0, 1341.0)	(7.0, 1240.0)	(8.0, 1355.0)	(9.0, 1498.0)	(10.0, 1678.0)	(11.0, 1815.0)	(12.0, 1914.0)	(13.0, 1960.0)	(14.0, 1945.0)	(15.0, 1970.0)	(16.0, 2277.0)	(17.0, 1942.0)	(18.0, 1947.0)	(19.0, 2042.0)	(20.0, 2321.0)	(21.0, 2640.0)	(22.0, 3416.0)	(23.0, 4573.0)	(24.0, 5846.0)	(25.0, 7244.0)	(26.0, 8837.0)	(27.0, 10642.0)	(28.0, 12651.0)	(29.0, 15095.0)	(30.0, 17784.0)	(31.0, 21551.0)	(32.0, 26804.0)	(33.0, 33073.0)	(34.0, 43947.0)	(35.0, 61256.0)	(36.0, 95140.0)	(37.0, 194937.0)	(38.0, 866832.0)	(39.0, 1511702.0)
hst3.4.16_TCTCGCGC-CAGGACGT_L001_R1_001	(2.0, 134.0)	(3.0, 54.0)	(4.0, 36.0)	(5.0, 42.0)	(6.0, 36.0)	(7.0, 81.0)	(8.0, 201.0)	(9.0, 339.0)	(10.0, 663.0)	(11.0, 877.0)	(12.0, 1107.0)	(13.0, 1323.0)	(14.0, 1393.0)	(15.0, 1265.0)	(16.0, 1223.0)	(17.0, 1180.0)	(18.0, 1279.0)	(19.0, 1256.0)	(20.0, 1282.0)	(21.0, 1337.0)	(22.0, 1537.0)	(23.0, 1783.0)	(24.0, 2288.0)	(25.0, 3196.0)	(26.0, 4565.0)	(27.0, 6342.0)	(28.0, 8791.0)	(29.0, 12079.0)	(30.0, 15146.0)	(31.0, 19957.0)	(32.0, 25810.0)	(33.0, 33956.0)	(34.0, 45947.0)	(35.0, 64062.0)	(36.0, 97612.0)	(37.0, 189172.0)	(38.0, 758801.0)	(39.0, 2380230.0)
hst3.4.16_TCTCGCGC-CAGGACGT_L001_R2_001	(2.0, 21294.0)	(3.0, 2938.0)	(4.0, 2121.0)	(5.0, 1801.0)	(6.0, 1500.0)	(7.0, 1507.0)	(8.0, 1633.0)	(9.0, 1881.0)	(10.0, 2048.0)	(11.0, 2119.0)	(12.0, 2312.0)	(13.0, 2334.0)	(14.0, 2203.0)	(15.0, 2190.0)	(16.0, 2056.0)	(17.0, 2189.0)	(18.0, 2179.0)	(19.0, 2313.0)	(20.0, 2563.0)	(21.0, 3088.0)	(22.0, 3911.0)	(23.0, 5246.0)	(24.0, 6761.0)	(25.0, 8615.0)	(26.0, 10717.0)	(27.0, 12706.0)	(28.0, 14951.0)	(29.0, 17473.0)	(30.0, 21510.0)	(31.0, 26179.0)	(32.0, 31753.0)	(33.0, 40866.0)	(34.0, 53597.0)	(35.0, 75483.0)	(36.0, 119135.0)	(37.0, 259024.0)	(38.0, 1219867.0)	(39.0, 1696319.0)
hst3.4.16_TCTCGCGC-CAGGACGT_L002_R1_001	(2.0, 158.0)	(3.0, 65.0)	(4.0, 22.0)	(5.0, 22.0)	(6.0, 34.0)	(7.0, 75.0)	(8.0, 173.0)	(9.0, 393.0)	(10.0, 706.0)	(11.0, 946.0)	(12.0, 1202.0)	(13.0, 1367.0)	(14.0, 1360.0)	(15.0, 1368.0)	(16.0, 1248.0)	(17.0, 1235.0)	(18.0, 1228.0)	(19.0, 1253.0)	(20.0, 1338.0)	(21.0, 1360.0)	(22.0, 1589.0)	(23.0, 1842.0)	(24.0, 2404.0)	(25.0, 3263.0)	(26.0, 4742.0)	(27.0, 6684.0)	(28.0, 9520.0)	(29.0, 12487.0)	(30.0, 15928.0)	(31.0, 20900.0)	(32.0, 27659.0)	(33.0, 36254.0)	(34.0, 48187.0)	(35.0, 67798.0)	(36.0, 103652.0)	(37.0, 197950.0)	(38.0, 777180.0)	(39.0, 2403594.0)
hst3.4.16_TCTCGCGC-CAGGACGT_L002_R2_001	(2.0, 22170.0)	(3.0, 3081.0)	(4.0, 2217.0)	(5.0, 1868.0)	(6.0, 1513.0)	(7.0, 1544.0)	(8.0, 1741.0)	(9.0, 1942.0)	(10.0, 2122.0)	(11.0, 2268.0)	(12.0, 2319.0)	(13.0, 2347.0)	(14.0, 2274.0)	(15.0, 2203.0)	(16.0, 2213.0)	(17.0, 2248.0)	(18.0, 2270.0)	(19.0, 2507.0)	(20.0, 2725.0)	(21.0, 3189.0)	(22.0, 4163.0)	(23.0, 5664.0)	(24.0, 7161.0)	(25.0, 8801.0)	(26.0, 10793.0)	(27.0, 13113.0)	(28.0, 15744.0)	(29.0, 18428.0)	(30.0, 21903.0)	(31.0, 27213.0)	(32.0, 33896.0)	(33.0, 42669.0)	(34.0, 55959.0)	(35.0, 78511.0)	(36.0, 123960.0)	(37.0, 267487.0)	(38.0, 1233932.0)	(39.0, 1723028.0)
hst3.4.1_ATTACTCG-TATAGCCT_L001_R1	(21.0, 4.0)	(22.0, 96.0)	(23.0, 659.0)	(24.0, 1659.0)	(25.0, 2737.0)	(26.0, 4488.0)	(27.0, 7872.0)	(28.0, 16867.0)	(29.0, 21428.0)	(30.0, 11107.0)	(31.0, 14908.0)	(32.0, 20243.0)	(33.0, 27269.0)	(34.0, 37218.0)	(35.0, 53194.0)	(36.0, 82538.0)	(37.0, 163557.0)	(38.0, 680260.0)	(39.0, 1928963.0)																			
hst3.4.1_ATTACTCG-TATAGCCT_L001_R2	(21.0, 8.0)	(22.0, 426.0)	(23.0, 3098.0)	(24.0, 8265.0)	(25.0, 12533.0)	(26.0, 15697.0)	(27.0, 19643.0)	(28.0, 21975.0)	(29.0, 21103.0)	(30.0, 20849.0)	(31.0, 23923.0)	(32.0, 28730.0)	(33.0, 35935.0)	(34.0, 46422.0)	(35.0, 63462.0)	(36.0, 97423.0)	(37.0, 197964.0)	(38.0, 877301.0)	(39.0, 1580310.0)																			
hst3.4.1_ATTACTCG-TATAGCCT_L002_R1	(21.0, 6.0)	(22.0, 108.0)	(23.0, 736.0)	(24.0, 1756.0)	(25.0, 2893.0)	(26.0, 4801.0)	(27.0, 8099.0)	(28.0, 17131.0)	(29.0, 20978.0)	(30.0, 11839.0)	(31.0, 15837.0)	(32.0, 21224.0)	(33.0, 28883.0)	(34.0, 38847.0)	(35.0, 55546.0)	(36.0, 86625.0)	(37.0, 170669.0)	(38.0, 687305.0)	(39.0, 1956474.0)																			
hst3.4.1_ATTACTCG-TATAGCCT_L002_R2	(21.0, 7.0)	(22.0, 420.0)	(23.0, 3183.0)	(24.0, 8379.0)	(25.0, 12952.0)	(26.0, 16378.0)	(27.0, 19731.0)	(28.0, 21836.0)	(29.0, 21601.0)	(30.0, 21732.0)	(31.0, 24674.0)	(32.0, 29806.0)	(33.0, 37276.0)	(34.0, 47920.0)	(35.0, 65830.0)	(36.0, 100417.0)	(37.0, 201501.0)	(38.0, 873524.0)	(39.0, 1622590.0)																			
hst3.4.2_TCCGGAGA-TATAGCCT_L001_R1	(22.0, 66.0)	(23.0, 449.0)	(24.0, 1169.0)	(25.0, 1922.0)	(26.0, 2752.0)	(27.0, 4120.0)	(28.0, 7274.0)	(29.0, 9886.0)	(30.0, 9675.0)	(31.0, 13295.0)	(32.0, 18453.0)	(33.0, 24764.0)	(34.0, 34641.0)	(35.0, 49756.0)	(36.0, 78556.0)	(37.0, 156759.0)	(38.0, 652272.0)	(39.0, 1824311.0)																				
hst3.4.2_TCCGGAGA-TATAGCCT_L001_R2	(21.0, 1.0)	(22.0, 263.0)	(23.0, 2219.0)	(24.0, 7152.0)	(25.0, 10967.0)	(26.0, 13070.0)	(27.0, 15101.0)	(28.0, 16851.0)	(29.0, 18877.0)	(30.0, 21336.0)	(31.0, 24812.0)	(32.0, 29996.0)	(33.0, 36955.0)	(34.0, 47591.0)	(35.0, 64642.0)	(36.0, 100600.0)	(37.0, 211793.0)	(38.0, 944161.0)	(39.0, 1323733.0)																			
hst3.4.2_TCCGGAGA-TATAGCCT_L002_R1	(21.0, 3.0)	(22.0, 71.0)	(23.0, 500.0)	(24.0, 1201.0)	(25.0, 1922.0)	(26.0, 2942.0)	(27.0, 4395.0)	(28.0, 7417.0)	(29.0, 10052.0)	(30.0, 10339.0)	(31.0, 14073.0)	(32.0, 19108.0)	(33.0, 26113.0)	(34.0, 36308.0)	(35.0, 52202.0)	(36.0, 82941.0)	(37.0, 163503.0)	(38.0, 662171.0)	(39.0, 1855612.0)																			
hst3.4.2_TCCGGAGA-TATAGCCT_L002_R2	(21.0, 5.0)	(22.0, 247.0)	(23.0, 2310.0)	(24.0, 7365.0)	(25.0, 11447.0)	(26.0, 13958.0)	(27.0, 15637.0)	(28.0, 17531.0)	(29.0, 19660.0)	(30.0, 22358.0)	(31.0, 26414.0)	(32.0, 31636.0)	(33.0, 39285.0)	(34.0, 49600.0)	(35.0, 68398.0)	(36.0, 104952.0)	(37.0, 219861.0)	(38.0, 966635.0)	(39.0, 1333574.0)																			
hst3.4.3_CGCTCATT-TATAGCCT_L001_R1_001	(2.0, 153.0)	(3.0, 70.0)	(4.0, 39.0)	(5.0, 40.0)	(6.0, 44.0)	(7.0, 95.0)	(8.0, 204.0)	(9.0, 419.0)	(10.0, 657.0)	(11.0, 1042.0)	(12.0, 1207.0)	(13.0, 1367.0)	(14.0, 1358.0)	(15.0, 1273.0)	(16.0, 1244.0)	(17.0, 1170.0)	(18.0, 1184.0)	(19.0, 1190.0)	(20.0, 1326.0)	(21.0, 1324.0)	(22.0, 1549.0)	(23.0, 1737.0)	(24.0, 2295.0)	(25.0, 3081.0)	(26.0, 4490.0)	(27.0, 6287.0)	(28.0, 8698.0)	(29.0, 11787.0)	(30.0, 14890.0)	(31.0, 19388.0)	(32.0, 24899.0)	(33.0, 33289.0)	(34.0, 43848.0)	(35.0, 60772.0)	(36.0, 92762.0)	(37.0, 179840.0)	(38.0, 738681.0)	(39.0, 2110135.0)
hst3.4.3_CGCTCATT-TATAGCCT_L001_R2_001	(2.0, 27515.0)	(3.0, 3805.0)	(4.0, 2758.0)	(5.0, 2181.0)	(6.0, 1903.0)	(7.0, 1865.0)	(8.0, 1824.0)	(9.0, 2012.0)	(10.0, 2281.0)	(11.0, 2469.0)	(12.0, 2529.0)	(13.0, 2494.0)	(14.0, 2414.0)	(15.0, 2416.0)	(16.0, 2362.0)	(17.0, 2432.0)	(18.0, 2464.0)	(19.0, 2703.0)	(20.0, 2822.0)	(21.0, 3563.0)	(22.0, 4650.0)	(23.0, 6291.0)	(24.0, 7795.0)	(25.0, 9566.0)	(26.0, 11509.0)	(27.0, 13442.0)	(28.0, 15677.0)	(29.0, 17996.0)	(30.0, 21033.0)	(31.0, 25392.0)	(32.0, 30725.0)	(33.0, 38121.0)	(34.0, 49890.0)	(35.0, 68298.0)	(36.0, 104229.0)	(37.0, 214385.0)	(38.0, 950077.0)	(39.0, 1709946.0)
hst3.4.3_CGCTCATT-TATAGCCT_L002_R1_001	(2.0, 130.0)	(3.0, 67.0)	(4.0, 27.0)	(5.0, 36.0)	(6.0, 60.0)	(7.0, 87.0)	(8.0, 218.0)	(9.0, 431.0)	(10.0, 772.0)	(11.0, 1046.0)	(12.0, 1238.0)	(13.0, 1396.0)	(14.0, 1407.0)	(15.0, 1333.0)	(16.0, 1254.0)	(17.0, 1213.0)	(18.0, 1171.0)	(19.0, 1225.0)	(20.0, 1302.0)	(21.0, 1361.0)	(22.0, 1424.0)	(23.0, 1872.0)	(24.0, 2360.0)	(25.0, 3277.0)	(26.0, 4734.0)	(27.0, 6535.0)	(28.0, 9136.0)	(29.0, 12165.0)	(30.0, 15741.0)	(31.0, 20362.0)	(32.0, 26621.0)	(33.0, 34957.0)	(34.0, 46459.0)	(35.0, 64103.0)	(36.0, 98190.0)	(37.0, 188487.0)	(38.0, 750852.0)	(39.0, 2147331.0)
hst3.4.3_CGCTCATT-TATAGCCT_L002_R2_001	(2.0, 28095.0)	(3.0, 3871.0)	(4.0, 2609.0)	(5.0, 2247.0)	(6.0, 1935.0)	(7.0, 1847.0)	(8.0, 1968.0)	(9.0, 2206.0)	(10.0, 2317.0)	(11.0, 2517.0)	(12.0, 2445.0)	(13.0, 2636.0)	(14.0, 2445.0)	(15.0, 2400.0)	(16.0, 2372.0)	(17.0, 2478.0)	(18.0, 2551.0)	(19.0, 2796.0)	(20.0, 3026.0)	(21.0, 3647.0)	(22.0, 4845.0)	(23.0, 6350.0)	(24.0, 7993.0)	(25.0, 9708.0)	(26.0, 11903.0)	(27.0, 14000.0)	(28.0, 16426.0)	(29.0, 18874.0)	(30.0, 22412.0)	(31.0, 26594.0)	(32.0, 32245.0)	(33.0, 39708.0)	(34.0, 51815.0)	(35.0, 71142.0)	(36.0, 109018.0)	(37.0, 219421.0)	(38.0, 951694.0)	(39.0, 1759824.0)
hst3.4.4_GAGATTCC-TATAGCCT_L001_R1_001	(2.0, 172.0)	(3.0, 53.0)	(4.0, 36.0)	(5.0, 39.0)	(6.0, 61.0)	(7.0, 112.0)	(8.0, 226.0)	(9.0, 405.0)	(10.0, 856.0)	(11.0, 1070.0)	(12.0, 1318.0)	(13.0, 1386.0)	(14.0, 1471.0)	(15.0, 1466.0)	(16.0, 1338.0)	(17.0, 1227.0)	(18.0, 1254.0)	(19.0, 1329.0)	(20.0, 1458.0)	(21.0, 1479.0)	(22.0, 1806.0)	(23.0, 2200.0)	(24.0, 2846.0)	(25.0, 4043.0)	(26.0, 5535.0)	(27.0, 7939.0)	(28.0, 11013.0)	(29.0, 14623.0)	(30.0, 18834.0)	(31.0, 24714.0)	(32.0, 32242.0)	(33.0, 42001.0)	(34.0, 55378.0)	(35.0, 77480.0)	(36.0, 117860.0)	(37.0, 227025.0)	(38.0, 918470.0)	(39.0, 2727251.0)
hst3.4.4_GAGATTCC-TATAGCCT_L001_R2_001	(2.0, 39976.0)	(3.0, 5666.0)	(4.0, 4000.0)	(5.0, 3154.0)	(6.0, 2604.0)	(7.0, 2366.0)	(8.0, 2259.0)	(9.0, 2511.0)	(10.0, 2695.0)	(11.0, 2786.0)	(12.0, 2965.0)	(13.0, 2896.0)	(14.0, 2919.0)	(15.0, 2754.0)	(16.0, 2875.0)	(17.0, 2926.0)	(18.0, 3111.0)	(19.0, 3345.0)	(20.0, 3713.0)	(21.0, 4310.0)	(22.0, 5669.0)	(23.0, 7692.0)	(24.0, 9752.0)	(25.0, 11559.0)	(26.0, 13883.0)	(27.0, 16218.0)	(28.0, 19218.0)	(29.0, 22091.0)	(30.0, 25992.0)	(31.0, 30976.0)	(32.0, 37496.0)	(33.0, 46664.0)	(34.0, 60941.0)	(35.0, 83151.0)	(36.0, 127426.0)	(37.0, 254720.0)	(38.0, 1120830.0)	(39.0, 2313907.0)
hst3.4.4_GAGATTCC-TATAGCCT_L002_R1_001	(2.0, 176.0)	(3.0, 50.0)	(4.0, 38.0)	(5.0, 41.0)	(6.0, 57.0)	(7.0, 123.0)	(8.0, 258.0)	(9.0, 468.0)	(10.0, 838.0)	(11.0, 1131.0)	(12.0, 1412.0)	(13.0, 1533.0)	(14.0, 1526.0)	(15.0, 1440.0)	(16.0, 1370.0)	(17.0, 1283.0)	(18.0, 1287.0)	(19.0, 1348.0)	(20.0, 1467.0)	(21.0, 1640.0)	(22.0, 1813.0)	(23.0, 2197.0)	(24.0, 2971.0)	(25.0, 4021.0)	(26.0, 5909.0)	(27.0, 8249.0)	(28.0, 11477.0)	(29.0, 15312.0)	(30.0, 20139.0)	(31.0, 26144.0)	(32.0, 34072.0)	(33.0, 44220.0)	(34.0, 58886.0)	(35.0, 81213.0)	(36.0, 123702.0)	(37.0, 236142.0)	(38.0, 932197.0)	(39.0, 2763907.0)
hst3.4.4_GAGATTCC-TATAGCCT_L002_R2_001	(2.0, 40865.0)	(3.0, 5650.0)	(4.0, 4008.0)	(5.0, 3308.0)	(6.0, 2624.0)	(7.0, 2411.0)	(8.0, 2361.0)	(9.0, 2543.0)	(10.0, 2784.0)	(11.0, 2777.0)	(12.0, 2831.0)	(13.0, 2870.0)	(14.0, 2912.0)	(15.0, 2827.0)	(16.0, 2818.0)	(17.0, 2927.0)	(18.0, 3090.0)	(19.0, 3441.0)	(20.0, 3842.0)	(21.0, 4494.0)	(22.0, 5985.0)	(23.0, 7962.0)	(24.0, 9805.0)	(25.0, 11986.0)	(26.0, 14231.0)	(27.0, 16805.0)	(28.0, 19646.0)	(29.0, 23102.0)	(30.0, 27141.0)	(31.0, 32265.0)	(32.0, 38886.0)	(33.0, 48705.0)	(34.0, 62649.0)	(35.0, 86404.0)	(36.0, 130932.0)	(37.0, 259062.0)	(38.0, 1108534.0)	(39.0, 2384574.0)
hst3.4.5_ATTCAGAA-TATAGCCT_L001_R1_001	(2.0, 155.0)	(3.0, 51.0)	(4.0, 34.0)	(5.0, 39.0)	(6.0, 41.0)	(7.0, 106.0)	(8.0, 211.0)	(9.0, 461.0)	(10.0, 778.0)	(11.0, 1142.0)	(12.0, 1265.0)	(13.0, 1407.0)	(14.0, 1424.0)	(15.0, 1487.0)	(16.0, 1378.0)	(17.0, 1245.0)	(18.0, 1233.0)	(19.0, 1470.0)	(20.0, 1423.0)	(21.0, 1552.0)	(22.0, 1774.0)	(23.0, 2083.0)	(24.0, 2823.0)	(25.0, 3872.0)	(26.0, 5376.0)	(27.0, 7719.0)	(28.0, 10655.0)	(29.0, 14401.0)	(30.0, 18343.0)	(31.0, 24380.0)	(32.0, 31577.0)	(33.0, 41522.0)	(34.0, 55436.0)	(35.0, 76868.0)	(36.0, 117804.0)	(37.0, 228637.0)	(38.0, 934735.0)	(39.0, 2627228.0)
hst3.4.5_ATTCAGAA-TATAGCCT_L001_R2_001	(2.0, 30972.0)	(3.0, 5390.0)	(4.0, 3739.0)	(5.0, 3070.0)	(6.0, 2546.0)	(7.0, 2418.0)	(8.0, 2532.0)	(9.0, 2560.0)	(10.0, 2793.0)	(11.0, 2963.0)	(12.0, 3073.0)	(13.0, 3040.0)	(14.0, 3034.0)	(15.0, 3160.0)	(16.0, 3067.0)	(17.0, 3228.0)	(18.0, 3400.0)	(19.0, 3853.0)	(20.0, 4165.0)	(21.0, 5003.0)	(22.0, 6669.0)	(23.0, 9105.0)	(24.0, 11112.0)	(25.0, 13300.0)	(26.0, 15919.0)	(27.0, 18797.0)	(28.0, 21880.0)	(29.0, 25117.0)	(30.0, 28980.0)	(31.0, 34362.0)	(32.0, 41863.0)	(33.0, 51904.0)	(34.0, 66804.0)	(35.0, 91471.0)	(36.0, 140829.0)	(37.0, 294177.0)	(38.0, 1314515.0)	(39.0, 1941325.0)
hst3.4.5_ATTCAGAA-TATAGCCT_L002_R1_001	(2.0, 164.0)	(3.0, 59.0)	(4.0, 34.0)	(5.0, 37.0)	(6.0, 44.0)	(7.0, 113.0)	(8.0, 272.0)	(9.0, 489.0)	(10.0, 922.0)	(11.0, 1168.0)	(12.0, 1410.0)	(13.0, 1569.0)	(14.0, 1541.0)	(15.0, 1533.0)	(16.0, 1402.0)	(17.0, 1322.0)	(18.0, 1241.0)	(19.0, 1423.0)	(20.0, 1462.0)	(21.0, 1578.0)	(22.0, 1826.0)	(23.0, 2282.0)	(24.0, 2883.0)	(25.0, 4056.0)	(26.0, 5715.0)	(27.0, 8150.0)	(28.0, 11396.0)	(29.0, 15100.0)	(30.0, 19746.0)	(31.0, 25729.0)	(32.0, 33818.0)	(33.0, 43955.0)	(34.0, 58885.0)	(35.0, 81013.0)	(36.0, 123223.0)	(37.0, 238544.0)	(38.0, 951333.0)	(39.0, 2683423.0)
hst3.4.5_ATTCAGAA-TATAGCCT_L002_R2_001	(2.0, 32671.0)	(3.0, 5736.0)	(4.0, 3917.0)	(5.0, 3203.0)	(6.0, 2607.0)	(7.0, 2538.0)	(8.0, 2604.0)	(9.0, 2735.0)	(10.0, 3031.0)	(11.0, 3221.0)	(12.0, 3316.0)	(13.0, 3248.0)	(14.0, 3243.0)	(15.0, 3169.0)	(16.0, 3276.0)	(17.0, 3403.0)	(18.0, 3707.0)	(19.0, 4118.0)	(20.0, 4365.0)	(21.0, 5355.0)	(22.0, 7001.0)	(23.0, 9435.0)	(24.0, 11896.0)	(25.0, 14652.0)	(26.0, 17401.0)	(27.0, 19915.0)	(28.0, 23128.0)	(29.0, 26789.0)	(30.0, 31298.0)	(31.0, 37035.0)	(32.0, 44723.0)	(33.0, 55002.0)	(34.0, 70639.0)	(35.0, 96401.0)	(36.0, 148133.0)	(37.0, 310543.0)	(38.0, 1360346.0)	(39.0, 1945060.0)
hst3.4.6_GAATTCGT-TATAGCCT_L001_R1_001	(2.0, 148.0)	(3.0, 53.0)	(4.0, 42.0)	(5.0, 35.0)	(6.0, 47.0)	(7.0, 92.0)	(8.0, 250.0)	(9.0, 438.0)	(10.0, 849.0)	(11.0, 1083.0)	(12.0, 1328.0)	(13.0, 1407.0)	(14.0, 1350.0)	(15.0, 1302.0)	(16.0, 1401.0)	(17.0, 1258.0)	(18.0, 1172.0)	(19.0, 1260.0)	(20.0, 1361.0)	(21.0, 1409.0)	(22.0, 1666.0)	(23.0, 1906.0)	(24.0, 2495.0)	(25.0, 3515.0)	(26.0, 4934.0)	(27.0, 6842.0)	(28.0, 9907.0)	(29.0, 13440.0)	(30.0, 15965.0)	(31.0, 21030.0)	(32.0, 27078.0)	(33.0, 35288.0)	(34.0, 46957.0)	(35.0, 65354.0)	(36.0, 99384.0)	(37.0, 192776.0)	(38.0, 785994.0)	(39.0, 2386349.0)
hst3.4.6_GAATTCGT-TATAGCCT_L001_R2_001	(2.0, 25235.0)	(3.0, 3863.0)	(4.0, 2810.0)	(5.0, 2378.0)	(6.0, 1912.0)	(7.0, 1857.0)	(8.0, 1906.0)	(9.0, 2080.0)	(10.0, 2286.0)	(11.0, 2541.0)	(12.0, 2694.0)	(13.0, 2618.0)	(14.0, 2700.0)	(15.0, 2571.0)	(16.0, 2565.0)	(17.0, 2682.0)	(18.0, 2678.0)	(19.0, 2871.0)	(20.0, 3120.0)	(21.0, 3782.0)	(22.0, 4911.0)	(23.0, 6646.0)	(24.0, 8465.0)	(25.0, 10154.0)	(26.0, 12379.0)	(27.0, 14813.0)	(28.0, 17214.0)	(29.0, 19485.0)	(30.0, 22577.0)	(31.0, 27069.0)	(32.0, 32715.0)	(33.0, 40875.0)	(34.0, 53266.0)	(35.0, 72693.0)	(36.0, 111704.0)	(37.0, 224430.0)	(38.0, 996239.0)	(39.0, 1986381.0)
hst3.4.6_GAATTCGT-TATAGCCT_L002_R1_001	(2.0, 144.0)	(3.0, 68.0)	(4.0, 36.0)	(5.0, 38.0)	(6.0, 44.0)	(7.0, 99.0)	(8.0, 273.0)	(9.0, 488.0)	(10.0, 931.0)	(11.0, 1158.0)	(12.0, 1319.0)	(13.0, 1470.0)	(14.0, 1377.0)	(15.0, 1422.0)	(16.0, 1310.0)	(17.0, 1261.0)	(18.0, 1209.0)	(19.0, 1336.0)	(20.0, 1323.0)	(21.0, 1420.0)	(22.0, 1651.0)	(23.0, 1945.0)	(24.0, 2589.0)	(25.0, 3650.0)	(26.0, 5184.0)	(27.0, 7518.0)	(28.0, 10527.0)	(29.0, 13851.0)	(30.0, 17058.0)	(31.0, 22316.0)	(32.0, 28965.0)	(33.0, 37118.0)	(34.0, 49870.0)	(35.0, 68684.0)	(36.0, 105156.0)	(37.0, 201909.0)	(38.0, 802479.0)	(39.0, 2429262.0)
hst3.4.6_GAATTCGT-TATAGCCT_L002_R2_001	(2.0, 26223.0)	(3.0, 3886.0)	(4.0, 2962.0)	(5.0, 2408.0)	(6.0, 2001.0)	(7.0, 1921.0)	(8.0, 1950.0)	(9.0, 2193.0)	(10.0, 2507.0)	(11.0, 2533.0)	(12.0, 2769.0)	(13.0, 2722.0)	(14.0, 2614.0)	(15.0, 2554.0)	(16.0, 2620.0)	(17.0, 2708.0)	(18.0, 2754.0)	(19.0, 2977.0)	(20.0, 3238.0)	(21.0, 3927.0)	(22.0, 5123.0)	(23.0, 6892.0)	(24.0, 8699.0)	(25.0, 10565.0)	(26.0, 12768.0)	(27.0, 15090.0)	(28.0, 17740.0)	(29.0, 20373.0)	(30.0, 23756.0)	(31.0, 28316.0)	(32.0, 34226.0)	(33.0, 42984.0)	(34.0, 55373.0)	(35.0, 75852.0)	(36.0, 115892.0)	(37.0, 231357.0)	(38.0, 998738.0)	(39.0, 2045247.0)
hst3.4.7_CTGAAGCT-TATAGCCT_L001_R1	(21.0, 2.0)	(22.0, 90.0)	(23.0, 638.0)	(24.0, 1609.0)	(25.0, 2697.0)	(26.0, 3932.0)	(27.0, 5856.0)	(28.0, 9039.0)	(29.0, 12853.0)	(30.0, 13814.0)	(31.0, 18588.0)	(32.0, 25411.0)	(33.0, 34082.0)	(34.0, 46892.0)	(35.0, 66487.0)	(36.0, 103091.0)	(37.0, 200549.0)	(38.0, 819222.0)	(39.0, 2665901.0)																			
hst3.4.7_CTGAAGCT-TATAGCCT_L001_R2	(21.0, 7.0)	(22.0, 271.0)	(23.0, 2067.0)	(24.0, 6839.0)	(25.0, 10156.0)	(26.0, 12511.0)	(27.0, 15364.0)	(28.0, 17879.0)	(29.0, 20019.0)	(30.0, 23397.0)	(31.0, 27611.0)	(32.0, 33931.0)	(33.0, 42125.0)	(34.0, 55192.0)	(35.0, 77272.0)	(36.0, 119755.0)	(37.0, 243123.0)	(38.0, 1101654.0)	(39.0, 2221580.0)																			
hst3.4.7_CTGAAGCT-TATAGCCT_L002_R1	(20.0, 1.0)	(21.0, 4.0)	(22.0, 86.0)	(23.0, 673.0)	(24.0, 1772.0)	(25.0, 2862.0)	(26.0, 4107.0)	(27.0, 6143.0)	(28.0, 9520.0)	(29.0, 13394.0)	(30.0, 14913.0)	(31.0, 20346.0)	(32.0, 27247.0)	(33.0, 36460.0)	(34.0, 49793.0)	(35.0, 70054.0)	(36.0, 109194.0)	(37.0, 211420.0)	(38.0, 835719.0)	(39.0, 2715242.0)																		
hst3.4.7_CTGAAGCT-TATAGCCT_L002_R2	(19.0, 1.0)	(20.0, 0.0)	(21.0, 5.0)	(22.0, 219.0)	(23.0, 2182.0)	(24.0, 6804.0)	(25.0, 10554.0)	(26.0, 13098.0)	(27.0, 15985.0)	(28.0, 18472.0)	(29.0, 21092.0)	(30.0, 24394.0)	(31.0, 28928.0)	(32.0, 35277.0)	(33.0, 44884.0)	(34.0, 58159.0)	(35.0, 80296.0)	(36.0, 123627.0)	(37.0, 249285.0)	(38.0, 1101659.0)	(39.0, 2294029.0)																	
hst3.4.8_TAATGCGC-TATAGCCT_L001_R1_001	(2.0, 130.0)	(3.0, 53.0)	(4.0, 26.0)	(5.0, 38.0)	(6.0, 50.0)	(7.0, 113.0)	(8.0, 256.0)	(9.0, 446.0)	(10.0, 842.0)	(11.0, 1065.0)	(12.0, 1123.0)	(13.0, 1303.0)	(14.0, 1281.0)	(15.0, 1243.0)	(16.0, 1222.0)	(17.0, 1183.0)	(18.0, 1146.0)	(19.0, 1189.0)	(20.0, 1282.0)	(21.0, 1390.0)	(22.0, 1486.0)	(23.0, 1738.0)	(24.0, 2434.0)	(25.0, 3189.0)	(26.0, 4584.0)	(27.0, 6412.0)	(28.0, 9041.0)	(29.0, 12147.0)	(30.0, 15442.0)	(31.0, 19533.0)	(32.0, 25916.0)	(33.0, 34343.0)	(34.0, 45552.0)	(35.0, 63140.0)	(36.0, 96709.0)	(37.0, 188813.0)	(38.0, 769436.0)	(39.0, 2256112.0)
hst3.4.8_TAATGCGC-TATAGCCT_L001_R2_001	(2.0, 23094.0)	(3.0, 3178.0)	(4.0, 2451.0)	(5.0, 1933.0)	(6.0, 1626.0)	(7.0, 1618.0)	(8.0, 1696.0)	(9.0, 1870.0)	(10.0, 2166.0)	(11.0, 2336.0)	(12.0, 2413.0)	(13.0, 2439.0)	(14.0, 2347.0)	(15.0, 2327.0)	(16.0, 2294.0)	(17.0, 2394.0)	(18.0, 2520.0)	(19.0, 2582.0)	(20.0, 2881.0)	(21.0, 3285.0)	(22.0, 4348.0)	(23.0, 5737.0)	(24.0, 7417.0)	(25.0, 8977.0)	(26.0, 10958.0)	(27.0, 12853.0)	(28.0, 15138.0)	(29.0, 17446.0)	(30.0, 20662.0)	(31.0, 24781.0)	(32.0, 30420.0)	(33.0, 38432.0)	(34.0, 50391.0)	(35.0, 69820.0)	(36.0, 108324.0)	(37.0, 221143.0)	(38.0, 1003650.0)	(39.0, 1853461.0)
hst3.4.8_TAATGCGC-TATAGCCT_L002_R1_001	(2.0, 122.0)	(3.0, 53.0)	(4.0, 30.0)	(5.0, 34.0)	(6.0, 57.0)	(7.0, 120.0)	(8.0, 267.0)	(9.0, 524.0)	(10.0, 881.0)	(11.0, 1105.0)	(12.0, 1208.0)	(13.0, 1320.0)	(14.0, 1334.0)	(15.0, 1314.0)	(16.0, 1254.0)	(17.0, 1170.0)	(18.0, 1207.0)	(19.0, 1234.0)	(20.0, 1243.0)	(21.0, 1337.0)	(22.0, 1461.0)	(23.0, 1827.0)	(24.0, 2376.0)	(25.0, 3503.0)	(26.0, 4769.0)	(27.0, 6739.0)	(28.0, 9427.0)	(29.0, 12609.0)	(30.0, 16129.0)	(31.0, 21154.0)	(32.0, 27119.0)	(33.0, 35839.0)	(34.0, 48021.0)	(35.0, 66527.0)	(36.0, 101545.0)	(37.0, 195884.0)	(38.0, 783011.0)	(39.0, 2289038.0)
hst3.4.8_TAATGCGC-TATAGCCT_L002_R2_001	(2.0, 23496.0)	(3.0, 3439.0)	(4.0, 2481.0)	(5.0, 2017.0)	(6.0, 1739.0)	(7.0, 1615.0)	(8.0, 1749.0)	(9.0, 1828.0)	(10.0, 2199.0)	(11.0, 2307.0)	(12.0, 2512.0)	(13.0, 2476.0)	(14.0, 2441.0)	(15.0, 2272.0)	(16.0, 2243.0)	(17.0, 2358.0)	(18.0, 2347.0)	(19.0, 2591.0)	(20.0, 2838.0)	(21.0, 3311.0)	(22.0, 4446.0)	(23.0, 5864.0)	(24.0, 7629.0)	(25.0, 9158.0)	(26.0, 11172.0)	(27.0, 13457.0)	(28.0, 15759.0)	(29.0, 18152.0)	(30.0, 21894.0)	(31.0, 25818.0)	(32.0, 31984.0)	(33.0, 39975.0)	(34.0, 52658.0)	(35.0, 72269.0)	(36.0, 111938.0)	(37.0, 226911.0)	(38.0, 1008996.0)	(39.0, 1896453.0)
hst3.4.9_CGGCTATG-TATAGCCT_L001_R1_001	(2.0, 136.0)	(3.0, 42.0)	(4.0, 27.0)	(5.0, 27.0)	(6.0, 37.0)	(7.0, 103.0)	(8.0, 185.0)	(9.0, 354.0)	(10.0, 729.0)	(11.0, 910.0)	(12.0, 1029.0)	(13.0, 1116.0)	(14.0, 1139.0)	(15.0, 1133.0)	(16.0, 1014.0)	(17.0, 991.0)	(18.0, 1002.0)	(19.0, 1074.0)	(20.0, 1138.0)	(21.0, 1199.0)	(22.0, 1359.0)	(23.0, 1478.0)	(24.0, 2070.0)	(25.0, 2857.0)	(26.0, 4126.0)	(27.0, 5657.0)	(28.0, 8117.0)	(29.0, 10400.0)	(30.0, 13328.0)	(31.0, 17238.0)	(32.0, 22496.0)	(33.0, 28985.0)	(34.0, 39236.0)	(35.0, 53507.0)	(36.0, 82178.0)	(37.0, 157951.0)	(38.0, 639469.0)	(39.0, 1963834.0)
hst3.4.9_CGGCTATG-TATAGCCT_L001_R2_001	(2.0, 26901.0)	(3.0, 3531.0)	(4.0, 2423.0)	(5.0, 1944.0)	(6.0, 1643.0)	(7.0, 1551.0)	(8.0, 1552.0)	(9.0, 1646.0)	(10.0, 1879.0)	(11.0, 1965.0)	(12.0, 2184.0)	(13.0, 2136.0)	(14.0, 2113.0)	(15.0, 2092.0)	(16.0, 2034.0)	(17.0, 2166.0)	(18.0, 2166.0)	(19.0, 2180.0)	(20.0, 2517.0)	(21.0, 2912.0)	(22.0, 3666.0)	(23.0, 4833.0)	(24.0, 6110.0)	(25.0, 7514.0)	(26.0, 9005.0)	(27.0, 10852.0)	(28.0, 12620.0)	(29.0, 14731.0)	(30.0, 17421.0)	(31.0, 20701.0)	(32.0, 25254.0)	(33.0, 32612.0)	(34.0, 42161.0)	(35.0, 59082.0)	(36.0, 91790.0)	(37.0, 191746.0)	(38.0, 880043.0)	(39.0, 1569995.0)
hst3.4.9_CGGCTATG-TATAGCCT_L002_R1_001	(2.0, 106.0)	(3.0, 57.0)	(4.0, 37.0)	(5.0, 29.0)	(6.0, 44.0)	(7.0, 96.0)	(8.0, 224.0)	(9.0, 399.0)	(10.0, 736.0)	(11.0, 943.0)	(12.0, 1114.0)	(13.0, 1139.0)	(14.0, 1211.0)	(15.0, 1111.0)	(16.0, 1091.0)	(17.0, 966.0)	(18.0, 1017.0)	(19.0, 1046.0)	(20.0, 1153.0)	(21.0, 1187.0)	(22.0, 1375.0)	(23.0, 1680.0)	(24.0, 2147.0)	(25.0, 2984.0)	(26.0, 4163.0)	(27.0, 5968.0)	(28.0, 8509.0)	(29.0, 11014.0)	(30.0, 13925.0)	(31.0, 18128.0)	(32.0, 23585.0)	(33.0, 30873.0)	(34.0, 41320.0)	(35.0, 56660.0)	(36.0, 85850.0)	(37.0, 163910.0)	(38.0, 645962.0)	(39.0, 1981745.0)
hst3.4.9_CGGCTATG-TATAGCCT_L002_R2_001	(2.0, 28052.0)	(3.0, 3600.0)	(4.0, 2510.0)	(5.0, 2008.0)	(6.0, 1595.0)	(7.0, 1537.0)	(8.0, 1591.0)	(9.0, 1741.0)	(10.0, 1955.0)	(11.0, 2106.0)	(12.0, 2085.0)	(13.0, 2130.0)	(14.0, 2093.0)	(15.0, 2019.0)	(16.0, 1997.0)	(17.0, 2032.0)	(18.0, 2149.0)	(19.0, 2192.0)	(20.0, 2544.0)	(21.0, 2951.0)	(22.0, 3902.0)	(23.0, 5030.0)	(24.0, 6395.0)	(25.0, 7624.0)	(26.0, 9425.0)	(27.0, 11188.0)	(28.0, 13071.0)	(29.0, 15133.0)	(30.0, 17841.0)	(31.0, 21568.0)	(32.0, 26666.0)	(33.0, 33702.0)	(34.0, 44187.0)	(35.0, 61156.0)	(36.0, 95319.0)	(37.0, 196304.0)	(38.0, 880991.0)	(39.0, 1595115.0)
