Sample	0	1	2	3	4	5	6	7	8	9	10	11	12	13	14	15	16	17	18	19	20	21	22	23	24	25	26	27	28	29	30	31	32	33	34	35
hst3.4.10_TCTCGCGC-TATAGCCT_L001_R1_001	(101, 3527716.0)																																			
hst3.4.10_TCTCGCGC-TATAGCCT_L001_R2_001	(101, 3527716.0)																																			
hst3.4.10_TCTCGCGC-TATAGCCT_L002_R1_001	(101, 3604504.0)																																			
hst3.4.10_TCTCGCGC-TATAGCCT_L002_R2_001	(101, 3604504.0)																																			
hst3.4.11_AGCGATAG-TATAGCCT_L001_R1_001	(101, 2944813.0)																																			
hst3.4.11_AGCGATAG-TATAGCCT_L001_R2_001	(101, 2944813.0)																																			
hst3.4.11_AGCGATAG-TATAGCCT_L002_R1_001	(101, 2995634.0)																																			
hst3.4.11_AGCGATAG-TATAGCCT_L002_R2_001	(101, 2995634.0)																																			
hst3.4.12_CGGCTATG-GGCTCTGA_L001_R1	(30, 133.0)	(32, 220.0)	(34, 152.0)	(36, 146.0)	(38, 115.0)	(40, 104.0)	(42, 82.0)	(44, 72.0)	(46, 72.0)	(48, 56.0)	(50, 46.0)	(52, 52.0)	(54, 47.0)	(56, 41.0)	(58, 46.0)	(60, 44.0)	(62, 39.0)	(64, 41.0)	(66, 38.0)	(68, 46.0)	(70, 43.0)	(72, 55.0)	(74, 47.0)	(76, 32.0)	(78, 41.0)	(80, 51.0)	(82, 56.0)	(84, 63.0)	(86, 46.0)	(88, 46.0)	(90, 53.0)	(92, 55.0)	(94, 56.0)	(96, 49.0)	(98, 56.0)	(100, 3001342.0)
hst3.4.12_CGGCTATG-GGCTCTGA_L001_R2	(30, 133.0)	(32, 220.0)	(34, 152.0)	(36, 146.0)	(38, 115.0)	(40, 104.0)	(42, 82.0)	(44, 72.0)	(46, 72.0)	(48, 56.0)	(50, 46.0)	(52, 52.0)	(54, 47.0)	(56, 41.0)	(58, 46.0)	(60, 44.0)	(62, 39.0)	(64, 41.0)	(66, 38.0)	(68, 46.0)	(70, 43.0)	(72, 55.0)	(74, 47.0)	(76, 32.0)	(78, 41.0)	(80, 51.0)	(82, 56.0)	(84, 63.0)	(86, 46.0)	(88, 46.0)	(90, 53.0)	(92, 55.0)	(94, 56.0)	(96, 49.0)	(98, 56.0)	(100, 3001342.0)
hst3.4.12_CGGCTATG-GGCTCTGA_L002_R1	(30, 125.0)	(32, 226.0)	(34, 170.0)	(36, 126.0)	(38, 127.0)	(40, 105.0)	(42, 104.0)	(44, 61.0)	(46, 72.0)	(48, 60.0)	(50, 47.0)	(52, 52.0)	(54, 53.0)	(56, 50.0)	(58, 42.0)	(60, 53.0)	(62, 51.0)	(64, 41.0)	(66, 58.0)	(68, 64.0)	(70, 65.0)	(72, 55.0)	(74, 35.0)	(76, 51.0)	(78, 72.0)	(80, 52.0)	(82, 51.0)	(84, 41.0)	(86, 47.0)	(88, 57.0)	(90, 52.0)	(92, 64.0)	(94, 65.0)	(96, 51.0)	(98, 64.0)	(100, 3050211.0)
hst3.4.12_CGGCTATG-GGCTCTGA_L002_R2	(30, 125.0)	(32, 226.0)	(34, 170.0)	(36, 126.0)	(38, 127.0)	(40, 105.0)	(42, 104.0)	(44, 61.0)	(46, 72.0)	(48, 60.0)	(50, 47.0)	(52, 52.0)	(54, 53.0)	(56, 50.0)	(58, 42.0)	(60, 53.0)	(62, 51.0)	(64, 41.0)	(66, 58.0)	(68, 64.0)	(70, 65.0)	(72, 55.0)	(74, 35.0)	(76, 51.0)	(78, 72.0)	(80, 52.0)	(82, 51.0)	(84, 41.0)	(86, 47.0)	(88, 57.0)	(90, 52.0)	(92, 64.0)	(94, 65.0)	(96, 51.0)	(98, 64.0)	(100, 3050211.0)
hst3.4.13_TCCGCGAA-GGCTCTGA_L001_R1_001	(101, 3064055.0)																																			
hst3.4.13_TCCGCGAA-GGCTCTGA_L001_R2_001	(101, 3064055.0)																																			
hst3.4.13_TCCGCGAA-GGCTCTGA_L002_R1_001	(101, 3123512.0)																																			
hst3.4.13_TCCGCGAA-GGCTCTGA_L002_R2_001	(101, 3123512.0)																																			
hst3.4.14_TCTCGCGC-GGCTCTGA_L001_R1_001	(101, 3228518.0)																																			
hst3.4.14_TCTCGCGC-GGCTCTGA_L001_R2_001	(101, 3228518.0)																																			
hst3.4.14_TCTCGCGC-GGCTCTGA_L002_R1_001	(101, 3289701.0)																																			
hst3.4.14_TCTCGCGC-GGCTCTGA_L002_R2_001	(101, 3289701.0)																																			
hst3.4.15_AGCGATAG-GGCTCTGA_L001_R1_001	(101, 2953381.0)																																			
hst3.4.15_AGCGATAG-GGCTCTGA_L001_R2_001	(101, 2953381.0)																																			
hst3.4.15_AGCGATAG-GGCTCTGA_L002_R1_001	(101, 2994571.0)																																			
hst3.4.15_AGCGATAG-GGCTCTGA_L002_R2_001	(101, 2994571.0)																																			
hst3.4.16_TCTCGCGC-CAGGACGT_L001_R1_001	(101, 3686382.0)																																			
hst3.4.16_TCTCGCGC-CAGGACGT_L001_R2_001	(101, 3686382.0)																																			
hst3.4.16_TCTCGCGC-CAGGACGT_L002_R1_001	(101, 3757186.0)																																			
hst3.4.16_TCTCGCGC-CAGGACGT_L002_R2_001	(101, 3757186.0)																																			
hst3.4.1_ATTACTCG-TATAGCCT_L001_R1	(30, 133.0)	(32, 218.0)	(34, 187.0)	(36, 170.0)	(38, 156.0)	(40, 120.0)	(42, 109.0)	(44, 83.0)	(46, 64.0)	(48, 50.0)	(50, 55.0)	(52, 56.0)	(54, 54.0)	(56, 54.0)	(58, 50.0)	(60, 50.0)	(62, 47.0)	(64, 48.0)	(66, 54.0)	(68, 50.0)	(70, 56.0)	(72, 56.0)	(74, 70.0)	(76, 95.0)	(78, 74.0)	(80, 65.0)	(82, 69.0)	(84, 53.0)	(86, 79.0)	(88, 79.0)	(90, 65.0)	(92, 83.0)	(94, 101.0)	(96, 81.0)	(98, 90.0)	(100, 3072143.0)
hst3.4.1_ATTACTCG-TATAGCCT_L001_R2	(30, 133.0)	(32, 218.0)	(34, 187.0)	(36, 170.0)	(38, 156.0)	(40, 120.0)	(42, 109.0)	(44, 83.0)	(46, 64.0)	(48, 50.0)	(50, 55.0)	(52, 56.0)	(54, 54.0)	(56, 54.0)	(58, 50.0)	(60, 50.0)	(62, 47.0)	(64, 48.0)	(66, 54.0)	(68, 50.0)	(70, 56.0)	(72, 56.0)	(74, 70.0)	(76, 95.0)	(78, 74.0)	(80, 65.0)	(82, 69.0)	(84, 53.0)	(86, 79.0)	(88, 79.0)	(90, 65.0)	(92, 83.0)	(94, 101.0)	(96, 81.0)	(98, 90.0)	(100, 3072143.0)
hst3.4.1_ATTACTCG-TATAGCCT_L002_R1	(30, 156.0)	(32, 206.0)	(34, 195.0)	(36, 182.0)	(38, 120.0)	(40, 110.0)	(42, 91.0)	(44, 71.0)	(46, 69.0)	(48, 52.0)	(50, 43.0)	(52, 52.0)	(54, 47.0)	(56, 56.0)	(58, 45.0)	(60, 59.0)	(62, 56.0)	(64, 43.0)	(66, 49.0)	(68, 72.0)	(70, 51.0)	(72, 55.0)	(74, 55.0)	(76, 54.0)	(78, 64.0)	(80, 68.0)	(82, 80.0)	(84, 70.0)	(86, 62.0)	(88, 88.0)	(90, 101.0)	(92, 100.0)	(94, 93.0)	(96, 95.0)	(98, 105.0)	(100, 3126842.0)
hst3.4.1_ATTACTCG-TATAGCCT_L002_R2	(30, 156.0)	(32, 206.0)	(34, 195.0)	(36, 182.0)	(38, 120.0)	(40, 110.0)	(42, 91.0)	(44, 71.0)	(46, 69.0)	(48, 52.0)	(50, 43.0)	(52, 52.0)	(54, 47.0)	(56, 56.0)	(58, 45.0)	(60, 59.0)	(62, 56.0)	(64, 43.0)	(66, 49.0)	(68, 72.0)	(70, 51.0)	(72, 55.0)	(74, 55.0)	(76, 54.0)	(78, 64.0)	(80, 68.0)	(82, 80.0)	(84, 70.0)	(86, 62.0)	(88, 88.0)	(90, 101.0)	(92, 100.0)	(94, 93.0)	(96, 95.0)	(98, 105.0)	(100, 3126842.0)
hst3.4.2_TCCGGAGA-TATAGCCT_L001_R1	(30, 132.0)	(32, 209.0)	(34, 188.0)	(36, 119.0)	(38, 120.0)	(40, 99.0)	(42, 89.0)	(44, 65.0)	(46, 60.0)	(48, 51.0)	(50, 51.0)	(52, 36.0)	(54, 43.0)	(56, 30.0)	(58, 49.0)	(60, 44.0)	(62, 53.0)	(64, 49.0)	(66, 50.0)	(68, 50.0)	(70, 53.0)	(72, 45.0)	(74, 49.0)	(76, 53.0)	(78, 70.0)	(80, 54.0)	(82, 66.0)	(84, 57.0)	(86, 64.0)	(88, 69.0)	(90, 77.0)	(92, 75.0)	(94, 77.0)	(96, 92.0)	(98, 97.0)	(100, 2887535.0)
hst3.4.2_TCCGGAGA-TATAGCCT_L001_R2	(30, 132.0)	(32, 209.0)	(34, 188.0)	(36, 119.0)	(38, 120.0)	(40, 99.0)	(42, 89.0)	(44, 65.0)	(46, 60.0)	(48, 51.0)	(50, 51.0)	(52, 36.0)	(54, 43.0)	(56, 30.0)	(58, 49.0)	(60, 44.0)	(62, 53.0)	(64, 49.0)	(66, 50.0)	(68, 50.0)	(70, 53.0)	(72, 45.0)	(74, 49.0)	(76, 53.0)	(78, 70.0)	(80, 54.0)	(82, 66.0)	(84, 57.0)	(86, 64.0)	(88, 69.0)	(90, 77.0)	(92, 75.0)	(94, 77.0)	(96, 92.0)	(98, 97.0)	(100, 2887535.0)
hst3.4.2_TCCGGAGA-TATAGCCT_L002_R1	(30, 122.0)	(32, 218.0)	(34, 177.0)	(36, 141.0)	(38, 134.0)	(40, 109.0)	(42, 79.0)	(44, 70.0)	(46, 53.0)	(48, 41.0)	(50, 46.0)	(52, 37.0)	(54, 50.0)	(56, 57.0)	(58, 56.0)	(60, 39.0)	(62, 47.0)	(64, 42.0)	(66, 39.0)	(68, 46.0)	(70, 49.0)	(72, 43.0)	(74, 49.0)	(76, 62.0)	(78, 72.0)	(80, 51.0)	(82, 54.0)	(84, 55.0)	(86, 77.0)	(88, 62.0)	(90, 85.0)	(92, 87.0)	(94, 87.0)	(96, 94.0)	(98, 96.0)	(100, 2948247.0)
hst3.4.2_TCCGGAGA-TATAGCCT_L002_R2	(30, 122.0)	(32, 218.0)	(34, 177.0)	(36, 141.0)	(38, 134.0)	(40, 109.0)	(42, 79.0)	(44, 70.0)	(46, 53.0)	(48, 41.0)	(50, 46.0)	(52, 37.0)	(54, 50.0)	(56, 57.0)	(58, 56.0)	(60, 39.0)	(62, 47.0)	(64, 42.0)	(66, 39.0)	(68, 46.0)	(70, 49.0)	(72, 43.0)	(74, 49.0)	(76, 62.0)	(78, 72.0)	(80, 51.0)	(82, 54.0)	(84, 55.0)	(86, 77.0)	(88, 62.0)	(90, 85.0)	(92, 87.0)	(94, 87.0)	(96, 94.0)	(98, 96.0)	(100, 2948247.0)
hst3.4.3_CGCTCATT-TATAGCCT_L001_R1_001	(101, 3373834.0)																																			
hst3.4.3_CGCTCATT-TATAGCCT_L001_R2_001	(101, 3373834.0)																																			
hst3.4.3_CGCTCATT-TATAGCCT_L002_R1_001	(101, 3450380.0)																																			
hst3.4.3_CGCTCATT-TATAGCCT_L002_R2_001	(101, 3450380.0)																																			
hst3.4.4_GAGATTCC-TATAGCCT_L001_R1_001	(101, 4308016.0)																																			
hst3.4.4_GAGATTCC-TATAGCCT_L001_R2_001	(101, 4308016.0)																																			
hst3.4.4_GAGATTCC-TATAGCCT_L002_R1_001	(101, 4390057.0)																																			
hst3.4.4_GAGATTCC-TATAGCCT_L002_R2_001	(101, 4390057.0)																																			
hst3.4.5_ATTCAGAA-TATAGCCT_L001_R1_001	(101, 4222135.0)																																			
hst3.4.5_ATTCAGAA-TATAGCCT_L001_R2_001	(101, 4222135.0)																																			
hst3.4.5_ATTCAGAA-TATAGCCT_L002_R1_001	(101, 4328860.0)																																			
hst3.4.5_ATTCAGAA-TATAGCCT_L002_R2_001	(101, 4328860.0)																																			
hst3.4.6_GAATTCGT-TATAGCCT_L001_R1_001	(101, 3737165.0)																																			
hst3.4.6_GAATTCGT-TATAGCCT_L001_R2_001	(101, 3737165.0)																																			
hst3.4.6_GAATTCGT-TATAGCCT_L002_R1_001	(101, 3826458.0)																																			
hst3.4.6_GAATTCGT-TATAGCCT_L002_R2_001	(101, 3826458.0)																																			
hst3.4.7_CTGAAGCT-TATAGCCT_L001_R1	(30, 168.0)	(32, 293.0)	(34, 242.0)	(36, 187.0)	(38, 190.0)	(40, 154.0)	(42, 124.0)	(44, 107.0)	(46, 85.0)	(48, 72.0)	(50, 65.0)	(52, 52.0)	(54, 64.0)	(56, 73.0)	(58, 55.0)	(60, 68.0)	(62, 62.0)	(64, 63.0)	(66, 52.0)	(68, 51.0)	(70, 57.0)	(72, 69.0)	(74, 63.0)	(76, 53.0)	(78, 52.0)	(80, 75.0)	(82, 72.0)	(84, 72.0)	(86, 82.0)	(88, 71.0)	(90, 67.0)	(92, 69.0)	(94, 69.0)	(96, 81.0)	(98, 76.0)	(100, 4027498.0)
hst3.4.7_CTGAAGCT-TATAGCCT_L001_R2	(30, 168.0)	(32, 293.0)	(34, 242.0)	(36, 187.0)	(38, 190.0)	(40, 154.0)	(42, 124.0)	(44, 107.0)	(46, 85.0)	(48, 72.0)	(50, 65.0)	(52, 52.0)	(54, 64.0)	(56, 73.0)	(58, 55.0)	(60, 68.0)	(62, 62.0)	(64, 63.0)	(66, 52.0)	(68, 51.0)	(70, 57.0)	(72, 69.0)	(74, 63.0)	(76, 53.0)	(78, 52.0)	(80, 75.0)	(82, 72.0)	(84, 72.0)	(86, 82.0)	(88, 71.0)	(90, 67.0)	(92, 69.0)	(94, 69.0)	(96, 81.0)	(98, 76.0)	(100, 4027498.0)
hst3.4.7_CTGAAGCT-TATAGCCT_L002_R1	(30, 193.0)	(32, 321.0)	(34, 239.0)	(36, 205.0)	(38, 185.0)	(40, 128.0)	(42, 124.0)	(44, 93.0)	(46, 88.0)	(48, 69.0)	(50, 65.0)	(52, 78.0)	(54, 67.0)	(56, 70.0)	(58, 61.0)	(60, 57.0)	(62, 76.0)	(64, 70.0)	(66, 55.0)	(68, 64.0)	(70, 65.0)	(72, 81.0)	(74, 67.0)	(76, 80.0)	(78, 61.0)	(80, 77.0)	(82, 63.0)	(84, 63.0)	(86, 80.0)	(88, 68.0)	(90, 71.0)	(92, 73.0)	(94, 62.0)	(96, 77.0)	(98, 79.0)	(100, 4125575.0)
hst3.4.7_CTGAAGCT-TATAGCCT_L002_R2	(30, 193.0)	(32, 321.0)	(34, 239.0)	(36, 205.0)	(38, 185.0)	(40, 128.0)	(42, 124.0)	(44, 93.0)	(46, 88.0)	(48, 69.0)	(50, 65.0)	(52, 78.0)	(54, 67.0)	(56, 70.0)	(58, 61.0)	(60, 57.0)	(62, 76.0)	(64, 70.0)	(66, 55.0)	(68, 64.0)	(70, 65.0)	(72, 81.0)	(74, 67.0)	(76, 80.0)	(78, 61.0)	(80, 77.0)	(82, 63.0)	(84, 63.0)	(86, 80.0)	(88, 68.0)	(90, 71.0)	(92, 73.0)	(94, 62.0)	(96, 77.0)	(98, 79.0)	(100, 4125575.0)
hst3.4.8_TAATGCGC-TATAGCCT_L001_R1_001	(101, 3571408.0)																																			
hst3.4.8_TAATGCGC-TATAGCCT_L001_R2_001	(101, 3571408.0)																																			
hst3.4.8_TAATGCGC-TATAGCCT_L002_R1_001	(101, 3642792.0)																																			
hst3.4.8_TAATGCGC-TATAGCCT_L002_R2_001	(101, 3642792.0)																																			
hst3.4.9_CGGCTATG-TATAGCCT_L001_R1_001	(101, 3067671.0)																																			
hst3.4.9_CGGCTATG-TATAGCCT_L001_R2_001	(101, 3067671.0)																																			
hst3.4.9_CGGCTATG-TATAGCCT_L002_R1_001	(101, 3113504.0)																																			
hst3.4.9_CGGCTATG-TATAGCCT_L002_R2_001	(101, 3113504.0)																																			
