Sample	0	1	2	3	4	5	6	7	8	9	10	11	12	13	14	15
hst3.4.10_TCTCGCGC-TATAGCCT_L001_R1_001	(1.0, 64.05885580708562)	(2.0, 10.01044586205739)	(3.0, 3.7701226829558925)	(4.0, 3.2353881223336463)	(5.0, 2.5580355127313634)	(6.0, 1.780565925907645)	(7.0, 1.1610140812187124)	(8.0, 0.6424367169759778)	(9.0, 0.36400547155353624)	('>10', 12.204016216934134)	('>50', 0.17480131672687388)	('>100', 0.0)	('>500', 0.0)	('>1k', 0.04031228351923619)	('>5k', 0.0)	('>10k+', 0.0)
hst3.4.10_TCTCGCGC-TATAGCCT_L001_R2_001	(1.0, 64.74613624943547)	(2.0, 9.983052573943276)	(3.0, 3.7621224727775515)	(4.0, 3.1331278401430267)	(5.0, 2.4387060149031994)	(6.0, 1.631233266615615)	(7.0, 1.0804481174385583)	(8.0, 0.698648241561947)	(9.0, 0.39580207373469695)	('>10', 11.921751986201654)	('>50', 0.17159647942761705)	('>100', 0.0)	('>500', 0.0)	('>1k', 0.03737468381740221)	('>5k', 0.0)	('>10k+', 0.0)
hst3.4.10_TCTCGCGC-TATAGCCT_L002_R1_001	(1.0, 63.888836641483806)	(2.0, 10.090466732097239)	(3.0, 3.7890903482408067)	(4.0, 3.124952837789664)	(5.0, 2.618620315494194)	(6.0, 1.7753914660690948)	(7.0, 1.2113524870430634)	(8.0, 0.7131074147268118)	(9.0, 0.4232308600561433)	('>10', 12.122088588396384)	('>50', 0.20593674773383797)	('>100', 0.0)	('>500', 0.0)	('>1k', 0.03692556086896811)	('>5k', 0.0)	('>10k+', 0.0)
hst3.4.10_TCTCGCGC-TATAGCCT_L002_R2_001	(1.0, 64.74319146898559)	(2.0, 9.7780416669749)	(3.0, 3.7264475374025454)	(4.0, 3.1968966872713818)	(5.0, 2.512010929109682)	(6.0, 1.7879665870395454)	(7.0, 1.1478500767658986)	(8.0, 0.6868925408076898)	(9.0, 0.4154085918045361)	('>10', 11.785592512099814)	('>50', 0.18658434217742365)	('>100', 0.0)	('>500', 0.0)	('>1k', 0.03311705956103028)	('>5k', 0.0)	('>10k+', 0.0)
hst3.4.11_AGCGATAG-TATAGCCT_L001_R1_001	(1.0, 65.77428983254306)	(2.0, 9.485153729877304)	(3.0, 3.5274134824276464)	(4.0, 2.2577144744574276)	(5.0, 1.4872566543968595)	(6.0, 0.9215036621446857)	(7.0, 0.6616487272242632)	(8.0, 0.46811648534043643)	(9.0, 0.39802048095949805)	('>10', 14.797001646003366)	('>50', 0.16892722574991115)	('>100', 0.0)	('>500', 0.0)	('>1k', 0.05295359887550473)	('>5k', 0.0)	('>10k+', 0.0)
hst3.4.11_AGCGATAG-TATAGCCT_L001_R2_001	(1.0, 66.81136205811332)	(2.0, 9.314378783712993)	(3.0, 3.437911544557771)	(4.0, 2.1591046724722505)	(5.0, 1.4411357654136479)	(6.0, 0.9161070135737531)	(7.0, 0.5983716028951449)	(8.0, 0.5091993059092106)	(9.0, 0.4253850815622661)	('>10', 14.185671540527128)	('>50', 0.14992172148338515)	('>100', 0.0)	('>500', 0.0)	('>1k', 0.05145090977912625)	('>5k', 0.0)	('>10k+', 0.0)
hst3.4.11_AGCGATAG-TATAGCCT_L002_R1_001	(1.0, 65.3685375685122)	(2.0, 9.527030030943848)	(3.0, 3.404521485604418)	(4.0, 2.3624709324392463)	(5.0, 1.4935718260340423)	(6.0, 0.999842763567764)	(7.0, 0.6422420147063737)	(8.0, 0.5105668232118683)	(9.0, 0.40335921157323534)	('>10', 15.036020813289777)	('>50', 0.20137887460563758)	('>100', 0.0)	('>500', 0.0)	('>1k', 0.05045765551154153)	('>5k', 0.0)	('>10k+', 0.0)
hst3.4.11_AGCGATAG-TATAGCCT_L002_R2_001	(1.0, 66.36055795185285)	(2.0, 9.266758508992945)	(3.0, 3.459383895418809)	(4.0, 2.2721023162023197)	(5.0, 1.4372777885334214)	(6.0, 0.9006383886228677)	(7.0, 0.636819491881504)	(8.0, 0.5013945462811711)	(9.0, 0.402369317767272)	('>10', 14.581367274245792)	('>50', 0.1317890375238392)	('>100', 0.0)	('>500', 0.0)	('>1k', 0.049541482677292165)	('>5k', 0.0)	('>10k+', 0.0)
hst3.4.12_CGGCTATG-GGCTCTGA_L001_R1	(1.0, 64.88428672558557)	(2.0, 9.529504742755226)	(3.0, 4.085677181097183)	(4.0, 3.321447709261595)	(5.0, 2.570846218374598)	(6.0, 1.6054669998387001)	(7.0, 1.0082517093713241)	(8.0, 0.5536874090283803)	(9.0, 0.35933492205041706)	('>10', 12.04157611372169)	('>50', 0.03082918272154642)	('>100', 0.0090910861937679)	('>500', 0.0)	('>1k', 0.0)	('>5k', 0.0)	('>10k+', 0.0)
hst3.4.12_CGGCTATG-GGCTCTGA_L001_R2	(1.0, 64.9441006401456)	(2.0, 9.620032657445492)	(3.0, 4.0956741452364005)	(4.0, 3.3935422739189702)	(5.0, 2.453310544576528)	(6.0, 1.6218431339776227)	(7.0, 0.9790418738106608)	(8.0, 0.5722521794885351)	(9.0, 0.3803125587597589)	('>10', 11.882809940144151)	('>50', 0.051187493317683956)	('>100', 0.0058925591786480195)	('>500', 0.0)	('>1k', 0.0)	('>5k', 0.0)	('>10k+', 0.0)
hst3.4.12_CGGCTATG-GGCTCTGA_L002_R1	(1.0, 64.47343899984503)	(2.0, 9.706148518012693)	(3.0, 4.0038199903118805)	(4.0, 3.2553575658835885)	(5.0, 2.5858517052574936)	(6.0, 1.6688014134761213)	(7.0, 0.989096100049601)	(8.0, 0.5974435332935086)	(9.0, 0.39440703911115704)	('>10', 12.269692003635429)	('>50', 0.04706313654557844)	('>100', 0.008879994577946127)	('>500', 0.0)	('>1k', 0.0)	('>5k', 0.0)	('>10k+', 0.0)
hst3.4.12_CGGCTATG-GGCTCTGA_L002_R2	(1.0, 64.89276551141057)	(2.0, 9.596256776826289)	(3.0, 4.052694980331486)	(4.0, 3.3333630339303935)	(5.0, 2.4240536782924385)	(6.0, 1.600969724672698)	(7.0, 1.0261779638698096)	(8.0, 0.617483228517772)	(9.0, 0.3981373252188493)	('>10', 11.995295596505006)	('>50', 0.05702648471201681)	('>100', 0.005775695712636442)	('>500', 0.0)	('>1k', 0.0)	('>5k', 0.0)	('>10k+', 0.0)
hst3.4.13_TCCGCGAA-GGCTCTGA_L001_R1_001	(1.0, 65.00549880617106)	(2.0, 9.607529692524293)	(3.0, 3.839218410150534)	(4.0, 3.3018758995152755)	(5.0, 2.583050577406073)	(6.0, 1.9225328584606454)	(7.0, 1.295350713605015)	(8.0, 0.9259616443862695)	(9.0, 0.7530314412799426)	('>10', 10.720613558765733)	('>50', 0.004468320679340426)	('>100', 0.0)	('>500', 0.0)	('>1k', 0.04086807705582682)	('>5k', 0.0)	('>10k+', 0.0)
hst3.4.13_TCCGCGAA-GGCTCTGA_L001_R2_001	(1.0, 65.77907658911452)	(2.0, 9.285548985126043)	(3.0, 3.941882954605986)	(4.0, 3.2843239366115897)	(5.0, 2.5441477294566566)	(6.0, 1.7799028078116383)	(7.0, 1.3241719888495203)	(8.0, 0.9567545692469129)	(9.0, 0.7575394412339752)	('>10', 10.32940359158474)	('>50', 0.006370161963034338)	('>100', 0.010877244395378816)	('>500', 0.0)	('>1k', 0.0)	('>5k', 0.0)	('>10k+', 0.0)
hst3.4.13_TCCGCGAA-GGCTCTGA_L002_R1_001	(1.0, 64.8105910572184)	(2.0, 9.478724692630056)	(3.0, 3.9018260439634673)	(4.0, 3.2505574268025645)	(5.0, 2.65951198721154)	(6.0, 1.9023562582876852)	(7.0, 1.3595842342869051)	(8.0, 0.9118284761176133)	(9.0, 0.8300158199823083)	('>10', 10.852361708175684)	('>50', 0.0020113179853335854)	('>100', 0.0)	('>500', 0.0)	('>1k', 0.04063097733841339)	('>5k', 0.0)	('>10k+', 0.0)
hst3.4.13_TCCGCGAA-GGCTCTGA_L002_R2_001	(1.0, 65.75661560172773)	(2.0, 9.364430938006986)	(3.0, 3.8316419124977177)	(4.0, 3.275947771981006)	(5.0, 2.494151672699765)	(6.0, 1.86140649386701)	(7.0, 1.2282806071289165)	(8.0, 0.96357850204903)	(9.0, 0.8262750873063199)	('>10', 10.383353840333765)	('>50', 0.00415448437617238)	('>100', 0.01016308802555976)	('>500', 0.0)	('>1k', 0.0)	('>5k', 0.0)	('>10k+', 0.0)
hst3.4.14_TCTCGCGC-GGCTCTGA_L001_R1_001	(1.0, 63.29899480851623)	(2.0, 9.187261329167946)	(3.0, 3.842942592629112)	(4.0, 3.618449918710689)	(5.0, 3.328982125534475)	(6.0, 2.527811045688576)	(7.0, 1.8333859770263645)	(8.0, 1.2688246360269801)	(9.0, 0.8529932772672099)	('>10', 10.17130478984013)	('>50', 0.032558943542259265)	('>100', 0.0)	('>500', 0.0)	('>1k', 0.0364905560500455)	('>5k', 0.0)	('>10k+', 0.0)
hst3.4.14_TCTCGCGC-GGCTCTGA_L001_R2_001	(1.0, 64.32583827396078)	(2.0, 8.848498981114322)	(3.0, 3.866638835004399)	(4.0, 3.5033454153358354)	(5.0, 3.1866230996891813)	(6.0, 2.5672768624637583)	(7.0, 1.846543751794822)	(8.0, 1.2303679898678253)	(9.0, 0.8240118381171928)	('>10', 9.757932114370854)	('>50', 0.033161558680907935)	('>100', 0.009761279600114227)	('>500', 0.0)	('>1k', 0.0)	('>5k', 0.0)	('>10k+', 0.0)
hst3.4.14_TCTCGCGC-GGCTCTGA_L002_R1_001	(1.0, 63.220364092556366)	(2.0, 9.12883205525798)	(3.0, 3.7347828114651254)	(4.0, 3.644758078699191)	(5.0, 3.407215550649356)	(6.0, 2.5231829199804543)	(7.0, 1.852428195849336)	(8.0, 1.2448092267434208)	(9.0, 0.8434008043956316)	('>10', 10.344005939211275)	('>50', 0.022221498468891814)	('>100', 0.0)	('>500', 0.0)	('>1k', 0.033998826722924036)	('>5k', 0.0)	('>10k+', 0.0)
hst3.4.14_TCTCGCGC-GGCTCTGA_L002_R2_001	(1.0, 63.8470353397113)	(2.0, 8.982273828440663)	(3.0, 3.679181881621718)	(4.0, 3.6475719686204777)	(5.0, 3.152008104174823)	(6.0, 2.6240643171695774)	(7.0, 1.995012695932385)	(8.0, 1.1639686240938745)	(9.0, 0.8610558163987043)	('>10', 10.008804961111242)	('>50', 0.029970900515409963)	('>100', 0.00905156220981775)	('>500', 0.0)	('>1k', 0.0)	('>5k', 0.0)	('>10k+', 0.0)
hst3.4.15_AGCGATAG-GGCTCTGA_L001_R1_001	(1.0, 66.09360025144042)	(2.0, 9.670297952282143)	(3.0, 4.073335804072634)	(4.0, 3.292498955680655)	(5.0, 2.234438310345738)	(6.0, 1.5073876285807315)	(7.0, 0.8914461179442237)	(8.0, 0.5634215933157289)	(9.0, 0.37804032768081725)	('>10', 11.236433332930092)	('>50', 0.01713523977010108)	('>100', 0.0)	('>500', 0.0)	('>1k', 0.04196448595668933)	('>5k', 0.0)	('>10k+', 0.0)
hst3.4.15_AGCGATAG-GGCTCTGA_L001_R2_001	(1.0, 66.90954068451182)	(2.0, 9.468099015276277)	(3.0, 4.032275600965583)	(4.0, 3.1890856789170856)	(5.0, 2.3051544514187974)	(6.0, 1.4728055089106458)	(7.0, 0.8164754245002456)	(8.0, 0.5352853511923691)	(9.0, 0.393186507799394)	('>10', 10.820892036018002)	('>50', 0.043493993023973124)	('>100', 0.013705747465806236)	('>500', 0.0)	('>1k', 0.0)	('>5k', 0.0)	('>10k+', 0.0)
hst3.4.15_AGCGATAG-GGCTCTGA_L002_R1_001	(1.0, 66.02996566314452)	(2.0, 9.734354417222319)	(3.0, 4.035200179969299)	(4.0, 3.2155369173420434)	(5.0, 2.3739246592435745)	(6.0, 1.522820395115727)	(7.0, 0.9042847655988454)	(8.0, 0.5550822470262782)	(9.0, 0.3917404355851494)	('>10', 11.171179296305409)	('>50', 0.025882995288197843)	('>100', 0.0)	('>500', 0.0)	('>1k', 0.040028028158595866)	('>5k', 0.0)	('>10k+', 0.0)
hst3.4.15_AGCGATAG-GGCTCTGA_L002_R2_001	(1.0, 66.71912097649194)	(2.0, 9.703948316615428)	(3.0, 3.988838929632897)	(4.0, 3.154286206851213)	(5.0, 2.3014694671441025)	(6.0, 1.4975731673384327)	(7.0, 0.8943476185776826)	(8.0, 0.5485779167399742)	(9.0, 0.40021440702551725)	('>10', 10.744196749273724)	('>50', 0.034798261022692206)	('>100', 0.01262798328641691)	('>500', 0.0)	('>1k', 0.0)	('>5k', 0.0)	('>10k+', 0.0)
hst3.4.16_TCTCGCGC-CAGGACGT_L001_R1_001	(1.0, 64.85946424030102)	(2.0, 10.590420265403305)	(3.0, 3.794209078194661)	(4.0, 3.04584226045272)	(5.0, 2.458604947435162)	(6.0, 1.8705959818463285)	(7.0, 1.1378157785530318)	(8.0, 0.7068181181726312)	(9.0, 0.4626615265635735)	('>10', 10.943899873944666)	('>50', 0.09891669567501518)	('>100', 0.0)	('>500', 0.0)	('>1k', 0.030751233457841864)	('>5k', 0.0)	('>10k+', 0.0)
hst3.4.16_TCTCGCGC-CAGGACGT_L001_R2_001	(1.0, 65.60531664975561)	(2.0, 10.223101583333229)	(3.0, 3.698694715126928)	(4.0, 3.0643572116004867)	(5.0, 2.459084161483587)	(6.0, 1.814326133206421)	(7.0, 1.1310253090955316)	(8.0, 0.7428672464426795)	(9.0, 0.47406773463289503)	('>10', 10.66266189863094)	('>50', 0.10007524496808676)	('>100', 0.003193983229281306)	('>500', 0.021228128494293053)	('>1k', 0.0)	('>5k', 0.0)	('>10k+', 0.0)
hst3.4.16_TCTCGCGC-CAGGACGT_L002_R1_001	(1.0, 64.52812225748082)	(2.0, 10.501371866423495)	(3.0, 3.695337442657491)	(4.0, 3.111829700816306)	(5.0, 2.5956328348076614)	(6.0, 1.8356351277491574)	(7.0, 1.312241250153167)	(8.0, 0.7709543360855031)	(9.0, 0.4465144082330401)	('>10', 11.069718833044154)	('>50', 0.10219630363779596)	('>100', 0.0)	('>500', 0.0)	('>1k', 0.030445638911447397)	('>5k', 0.0)	('>10k+', 0.0)
hst3.4.16_TCTCGCGC-CAGGACGT_L002_R2_001	(1.0, 65.22992512293855)	(2.0, 10.389441188615026)	(3.0, 3.6012400750177567)	(4.0, 3.0374724491348335)	(5.0, 2.5172917563487234)	(6.0, 1.8880998352150977)	(7.0, 1.28815199608158)	(8.0, 0.7191313510503793)	(9.0, 0.46548701884530147)	('>10', 10.738497938953044)	('>50', 0.10195331288694699)	('>100', 0.003851627497100861)	('>500', 0.019456327415581058)	('>1k', 0.0)	('>5k', 0.0)	('>10k+', 0.0)
hst3.4.1_ATTACTCG-TATAGCCT_L001_R1	(1.0, 65.81521965524175)	(2.0, 9.81303454388777)	(3.0, 3.8128574939915576)	(4.0, 2.8049439895619313)	(5.0, 1.9422555981025758)	(6.0, 1.190185933116808)	(7.0, 0.73775117709829)	(8.0, 0.4475554643005703)	(9.0, 0.29686869029818114)	('>10', 12.068064836762831)	('>50', 0.07439475572639907)	('>100', 0.013421999966401048)	('>500', 0.0)	('>1k', 0.0)	('>5k', 0.0)	('>10k+', 0.9834458619449445)
hst3.4.1_ATTACTCG-TATAGCCT_L001_R2	(1.0, 65.98053466165723)	(2.0, 9.816602522667887)	(3.0, 3.778085617815373)	(4.0, 2.851570236545253)	(5.0, 1.9292669494578245)	(6.0, 1.2476194231582172)	(7.0, 0.6553539550996529)	(8.0, 0.4734062555580241)	(9.0, 0.3024588836839092)	('>10', 11.917595182480358)	('>50', 0.06415966330015684)	('>100', 0.0)	('>500', 0.0)	('>1k', 0.0)	('>5k', 0.0)	('>10k+', 0.9833466485761073)
hst3.4.1_ATTACTCG-TATAGCCT_L002_R1	(1.0, 65.51927464329121)	(2.0, 9.907277191314726)	(3.0, 3.8354448392706493)	(4.0, 2.8591187359848065)	(5.0, 1.9810367111194862)	(6.0, 1.2319903569380521)	(7.0, 0.7533809946103565)	(8.0, 0.4839718967349894)	(9.0, 0.3092138788833779)	('>10', 12.112348046414702)	('>50', 0.05167099472838573)	('>100', 0.016564816208896126)	('>500', 0.0)	('>1k', 0.0)	('>5k', 0.0)	('>10k+', 0.9387068945003121)
hst3.4.1_ATTACTCG-TATAGCCT_L002_R2	(1.0, 65.87460871488805)	(2.0, 9.867198360067182)	(3.0, 3.784495833681065)	(4.0, 2.854108380641838)	(5.0, 2.025673094857252)	(6.0, 1.2044468807580364)	(7.0, 0.7321909785418211)	(8.0, 0.43444913254247813)	(9.0, 0.295481670091567)	('>10', 11.911454480075637)	('>50', 0.07598591151303902)	('>100', 0.0)	('>500', 0.0)	('>1k', 0.0)	('>5k', 0.0)	('>10k+', 0.939906562342035)
hst3.4.2_TCCGGAGA-TATAGCCT_L001_R1	(1.0, 68.6722502371532)	(2.0, 10.095133679952658)	(3.0, 3.913907624251255)	(4.0, 2.7550396557858265)	(5.0, 1.9511066406714133)	(6.0, 1.2144775367210696)	(7.0, 0.7881611145461302)	(8.0, 0.540855154596028)	(9.0, 0.4835862642164018)	('>10', 9.37877370662431)	('>50', 0.004533221528325365)	('>100', 0.0)	('>500', 0.0)	('>1k', 0.0)	('>5k', 0.20217516395336815)	('>10k+', 0.0)
hst3.4.2_TCCGGAGA-TATAGCCT_L001_R2	(1.0, 68.70646403617441)	(2.0, 10.285463312303897)	(3.0, 3.8330123292167917)	(4.0, 2.7403224874542635)	(5.0, 1.9823458882669325)	(6.0, 1.2595602516524373)	(7.0, 0.8541955495035648)	(8.0, 0.5412015163879718)	(9.0, 0.4572053076756984)	('>10', 9.136917685452959)	('>50', 0.004233606474103537)	('>100', 0.0)	('>500', 0.0)	('>1k', 0.0)	('>5k', 0.19907802943694108)	('>10k+', 0.0)
hst3.4.2_TCCGGAGA-TATAGCCT_L002_R1	(1.0, 67.98790498338471)	(2.0, 10.356228070657483)	(3.0, 3.973242776734307)	(4.0, 2.9434604197320606)	(5.0, 2.063305301994364)	(6.0, 1.2808259782085587)	(7.0, 0.8015165017391024)	(8.0, 0.5471707881019038)	(9.0, 0.4379037261486449)	('>10', 9.418360631633972)	('>50', 0.006444801014850205)	('>100', 0.0)	('>500', 0.0)	('>1k', 0.0)	('>5k', 0.18363602065002832)	('>10k+', 0.0)
hst3.4.2_TCCGGAGA-TATAGCCT_L002_R2	(1.0, 68.47585768163484)	(2.0, 10.230254162483565)	(3.0, 3.7847660338341327)	(4.0, 2.9372721218789977)	(5.0, 2.0605477429350647)	(6.0, 1.2795875538959323)	(7.0, 0.784909788556922)	(8.0, 0.5911793478190006)	(9.0, 0.45485097640250993)	('>10', 9.217812039100476)	('>50', 0.002114664605376768)	('>100', 0.0)	('>500', 0.0)	('>1k', 0.0)	('>5k', 0.1808478868532149)	('>10k+', 0.0)
hst3.4.3_CGCTCATT-TATAGCCT_L001_R1_001	(1.0, 66.19766969795914)	(2.0, 10.403243586212628)	(3.0, 3.7681484475332763)	(4.0, 2.7861305970225416)	(5.0, 2.0699474419929595)	(6.0, 1.4180589944341306)	(7.0, 0.9257316852619916)	(8.0, 0.5463264261253336)	(9.0, 0.4167371311109126)	('>10', 11.38647508984445)	('>50', 0.0495413225264086)	('>100', 0.0)	('>500', 0.0)	('>1k', 0.03198957997617016)	('>5k', 0.0)	('>10k+', 0.0)
hst3.4.3_CGCTCATT-TATAGCCT_L001_R2_001	(1.0, 67.16580325023004)	(2.0, 10.250046316931716)	(3.0, 3.7436661890436165)	(4.0, 2.7859009216277415)	(5.0, 1.9449236681519397)	(6.0, 1.3445480638786926)	(7.0, 0.9300762416196653)	(8.0, 0.5905051972105587)	(9.0, 0.3861843190844717)	('>10', 10.770287984162998)	('>50', 0.05741097408103403)	('>100', 0.0)	('>500', 0.0)	('>1k', 0.030646873977493654)	('>5k', 0.0)	('>10k+', 0.0)
hst3.4.3_CGCTCATT-TATAGCCT_L002_R1_001	(1.0, 65.85099968755937)	(2.0, 10.542837997797594)	(3.0, 3.679031690983016)	(4.0, 2.8764688409740757)	(5.0, 2.1128488958513487)	(6.0, 1.4683478608755918)	(7.0, 0.9174818000396872)	(8.0, 0.5684693321371395)	(9.0, 0.4047754841763619)	('>10', 11.47893601428245)	('>50', 0.07132176414439094)	('>100', 0.0)	('>500', 0.02848063117900021)	('>1k', 0.0)	('>5k', 0.0)	('>10k+', 0.0)
hst3.4.3_CGCTCATT-TATAGCCT_L002_R2_001	(1.0, 66.89056525280964)	(2.0, 10.1957497275057)	(3.0, 3.67259328512177)	(4.0, 2.712793624192285)	(5.0, 2.090037504210399)	(6.0, 1.4426032980505206)	(7.0, 0.9374480815754286)	(8.0, 0.6071511705847094)	(9.0, 0.4110978476324833)	('>10', 10.951650024916654)	('>50', 0.061122550363829464)	('>100', 0.0)	('>500', 0.027187633036565902)	('>1k', 0.0)	('>5k', 0.0)	('>10k+', 0.0)
hst3.4.4_GAGATTCC-TATAGCCT_L001_R1_001	(1.0, 63.56292242208917)	(2.0, 11.059918556213987)	(3.0, 3.4014778068530767)	(4.0, 2.6385490762618176)	(5.0, 2.248362552464777)	(6.0, 1.8034123179080115)	(7.0, 1.3607720758073587)	(8.0, 0.9019990635390376)	(9.0, 0.5767865234157441)	('>10', 12.110346387668466)	('>50', 0.31436073305613776)	('>100', 0.0025989558506952543)	('>500', 0.018493528871733396)	('>1k', 0.0)	('>5k', 0.0)	('>10k+', 0.0)
hst3.4.4_GAGATTCC-TATAGCCT_L001_R2_001	(1.0, 64.5651383806072)	(2.0, 10.92935272472901)	(3.0, 3.3218618429135844)	(4.0, 2.61808604993794)	(5.0, 2.096531014366063)	(6.0, 1.8193543635024974)	(7.0, 1.2694591491762612)	(8.0, 0.8828932724781345)	(9.0, 0.5610033438231938)	('>10', 11.534744153966836)	('>50', 0.3835540092590719)	('>100', 0.0)	('>500', 0.018021695240256073)	('>1k', 0.0)	('>5k', 0.0)	('>10k+', 0.0)
hst3.4.4_GAGATTCC-TATAGCCT_L002_R1_001	(1.0, 63.33485227099439)	(2.0, 11.138516208026296)	(3.0, 3.2566016609747805)	(4.0, 2.7702131613565046)	(5.0, 2.2746800874942172)	(6.0, 1.7801489054429993)	(7.0, 1.3044599533389711)	(8.0, 0.9517636142683229)	(9.0, 0.6728517962872971)	('>10', 12.071507551466198)	('>50', 0.4284067305275481)	('>100', 0.0)	('>500', 0.015998059822408057)	('>1k', 0.0)	('>5k', 0.0)	('>10k+', 0.0)
hst3.4.4_GAGATTCC-TATAGCCT_L002_R2_001	(1.0, 64.27536651144446)	(2.0, 11.03840192929823)	(3.0, 3.2807475103663877)	(4.0, 2.6787626161590192)	(5.0, 2.2555658989295764)	(6.0, 1.7300145501142585)	(7.0, 1.2753298487090459)	(8.0, 0.8702725206200319)	(9.0, 0.628870373529682)	('>10', 11.539831555371862)	('>50', 0.41146172992622515)	('>100', 0.0)	('>500', 0.015374955531267035)	('>1k', 0.0)	('>5k', 0.0)	('>10k+', 0.0)
hst3.4.5_ATTCAGAA-TATAGCCT_L001_R1_001	(1.0, 62.97883826514228)	(2.0, 11.322500483375615)	(3.0, 3.414471634634357)	(4.0, 2.7969242754491)	(5.0, 2.1633257502778216)	(6.0, 1.672737393431347)	(7.0, 1.150111851599467)	(8.0, 0.7619353096653)	(9.0, 0.4755780083059068)	('>10', 12.504242657022813)	('>50', 0.7403262366062626)	('>100', 0.00263770602032232)	('>500', 0.016370428469400986)	('>1k', 0.0)	('>5k', 0.0)	('>10k+', 0.0)
hst3.4.5_ATTCAGAA-TATAGCCT_L001_R2_001	(1.0, 63.89746895567673)	(2.0, 10.976450751267429)	(3.0, 3.4962240617332956)	(4.0, 2.64811253968095)	(5.0, 2.169849467950466)	(6.0, 1.5836862900075175)	(7.0, 1.0773391939609906)	(8.0, 0.7113900321612634)	(9.0, 0.4659806308756905)	('>10', 12.199234360753838)	('>50', 0.7588155609887937)	('>100', 0.0)	('>500', 0.01544815494302208)	('>1k', 0.0)	('>5k', 0.0)	('>10k+', 0.0)
hst3.4.5_ATTCAGAA-TATAGCCT_L002_R1_001	(1.0, 62.86494919622873)	(2.0, 11.262820430097008)	(3.0, 3.4718261195187816)	(4.0, 2.697123923090244)	(5.0, 2.1922551309238347)	(6.0, 1.6858143173613276)	(7.0, 1.1770257531911759)	(8.0, 0.7802392849277251)	(9.0, 0.5050090818294188)	('>10', 12.53589627360643)	('>50', 0.8085321206018979)	('>100', 0.0027866177899105323)	('>500', 0.015721750833530675)	('>1k', 0.0)	('>5k', 0.0)	('>10k+', 0.0)
hst3.4.5_ATTCAGAA-TATAGCCT_L002_R2_001	(1.0, 63.77645405056603)	(2.0, 10.965522746880522)	(3.0, 3.3839357011799955)	(4.0, 2.713039910373988)	(5.0, 2.1687699938115883)	(6.0, 1.6738359872314614)	(7.0, 1.1604459898521773)	(8.0, 0.7946538390957005)	(9.0, 0.5178234542652643)	('>10', 12.116385107207432)	('>50', 0.7116962430925073)	('>100', 0.002590022901404492)	('>500', 0.014846953541943785)	('>1k', 0.0)	('>5k', 0.0)	('>10k+', 0.0)
hst3.4.6_GAATTCGT-TATAGCCT_L001_R1_001	(1.0, 62.4583373423261)	(2.0, 9.745498907865283)	(3.0, 3.4025628108905046)	(4.0, 3.22891849758788)	(5.0, 2.924099580828217)	(6.0, 2.327933159750097)	(7.0, 1.6916234500935257)	(8.0, 1.2269067226907862)	(9.0, 0.7949592515994334)	('>10', 11.952943438668916)	('>50', 0.1625574685615853)	('>100', 0.0)	('>500', 0.0)	('>1k', 0.08365936913768757)	('>5k', 0.0)	('>10k+', 0.0)
hst3.4.6_GAATTCGT-TATAGCCT_L001_R2_001	(1.0, 63.20551171977613)	(2.0, 9.439404212744861)	(3.0, 3.5192957830466756)	(4.0, 3.1209271772814473)	(5.0, 2.923305586030121)	(6.0, 2.3351544431602056)	(7.0, 1.710204876287157)	(8.0, 1.16460960718497)	(9.0, 0.7395777607927579)	('>10', 11.626388859644363)	('>50', 0.13513666499294397)	('>100', 0.0)	('>500', 0.0)	('>1k', 0.08048330905836022)	('>5k', 0.0)	('>10k+', 0.0)
hst3.4.6_GAATTCGT-TATAGCCT_L002_R1_001	(1.0, 61.79116611876238)	(2.0, 9.773260345743383)	(3.0, 3.424183598881616)	(4.0, 3.1027836956019597)	(5.0, 2.900930962256583)	(6.0, 2.5505960444786333)	(7.0, 1.890371030918366)	(8.0, 1.2232819503077992)	(9.0, 0.7732067705053931)	('>10', 12.302000745859603)	('>50', 0.19014592660421523)	('>100', 0.0)	('>500', 0.0)	('>1k', 0.07807281008012784)	('>5k', 0.0)	('>10k+', 0.0)
hst3.4.6_GAATTCGT-TATAGCCT_L002_R2_001	(1.0, 62.67194199028708)	(2.0, 9.473923666947064)	(3.0, 3.369151955384236)	(4.0, 3.119030030912953)	(5.0, 2.898650867841073)	(6.0, 2.423419529677368)	(7.0, 1.7933109885658487)	(8.0, 1.2267236087245261)	(9.0, 0.7896430303057802)	('>10', 11.982519221412796)	('>50', 0.17747365751301059)	('>100', 0.0)	('>500', 0.0)	('>1k', 0.07421145242828041)	('>5k', 0.0)	('>10k+', 0.0)
hst3.4.7_CTGAAGCT-TATAGCCT_L001_R1	(1.0, 65.44713801640074)	(2.0, 11.474227118282137)	(3.0, 3.6919886758349403)	(4.0, 2.903213337744689)	(5.0, 2.314591738934994)	(6.0, 1.764002189513562)	(7.0, 1.1571246373014958)	(8.0, 0.8076221117116077)	(9.0, 0.543398528859357)	('>10', 9.702819705979648)	('>50', 0.0634298722642099)	('>100', 0.0)	('>500', 0.0)	('>1k', 0.0)	('>5k', 0.13044406717261336)	('>10k+', 0.0)
hst3.4.7_CTGAAGCT-TATAGCCT_L001_R2	(1.0, 65.54293070051823)	(2.0, 11.52931759050479)	(3.0, 3.62939526635253)	(4.0, 2.913079794401416)	(5.0, 2.310147718779699)	(6.0, 1.7676050823234202)	(7.0, 1.2296063350351834)	(8.0, 0.7930371655301746)	(9.0, 0.5264072287302574)	('>10', 9.582394207067438)	('>50', 0.045506418698664244)	('>100', 0.0)	('>500', 0.0)	('>1k', 0.0)	('>5k', 0.13057249205818922)	('>10k+', 0.0)
hst3.4.7_CTGAAGCT-TATAGCCT_L002_R1	(1.0, 65.13591786341988)	(2.0, 11.548735204893374)	(3.0, 3.5642065123596742)	(4.0, 2.8730939670364357)	(5.0, 2.369553768758681)	(6.0, 1.839477993759268)	(7.0, 1.2258683519353606)	(8.0, 0.8195851744529272)	(9.0, 0.5452626898170725)	('>10', 9.892582041432426)	('>50', 0.06460726566456136)	('>100', 0.0)	('>500', 0.0)	('>1k', 0.0)	('>5k', 0.12110916647037179)	('>10k+', 0.0)
hst3.4.7_CTGAAGCT-TATAGCCT_L002_R2	(1.0, 65.1507097934125)	(2.0, 11.581693899624272)	(3.0, 3.5576550283084716)	(4.0, 2.949644081741938)	(5.0, 2.4010292061827587)	(6.0, 1.8422606747333599)	(7.0, 1.2576600578855557)	(8.0, 0.8357554398983603)	(9.0, 0.5401289307026231)	('>10', 9.681085402462424)	('>50', 0.08196969398596214)	('>100', 0.0)	('>500', 0.0)	('>1k', 0.12040779106179546)	('>5k', 0.0)	('>10k+', 0.0)
hst3.4.8_TAATGCGC-TATAGCCT_L001_R1_001	(1.0, 64.96172197457088)	(2.0, 10.513786062968116)	(3.0, 3.8809988339790915)	(4.0, 3.120758788024564)	(5.0, 2.38307632150493)	(6.0, 1.739863373117069)	(7.0, 1.1172480186531653)	(8.0, 0.648499935219065)	(9.0, 0.37955864130932565)	('>10', 11.105034429630765)	('>50', 0.11203119165784377)	('>100', 0.0)	('>500', 0.0)	('>1k', 0.037422429365206046)	('>5k', 0.0)	('>10k+', 0.0)
hst3.4.8_TAATGCGC-TATAGCCT_L001_R2_001	(1.0, 65.72325043797339)	(2.0, 10.16380860559443)	(3.0, 3.7545903027341856)	(4.0, 3.2573927732585863)	(5.0, 2.466100912611533)	(6.0, 1.7130720654892895)	(7.0, 1.0710005461239842)	(8.0, 0.6028181207196501)	(9.0, 0.39536642178046477)	('>10', 10.73996019747613)	('>50', 0.07670388382086268)	('>100', 0.0)	('>500', 0.0)	('>1k', 0.03593573241750586)	('>5k', 0.0)	('>10k+', 0.0)
hst3.4.8_TAATGCGC-TATAGCCT_L002_R1_001	(1.0, 64.87630043874898)	(2.0, 10.35304192397825)	(3.0, 3.791750788994514)	(4.0, 3.092197868847848)	(5.0, 2.4611017449163537)	(6.0, 1.79264732152731)	(7.0, 1.1056573435263986)	(8.0, 0.7181320946998586)	(9.0, 0.3936737801158866)	('>10', 11.280711210260055)	('>50', 0.09999580511028108)	('>100', 0.0)	('>500', 0.0)	('>1k', 0.03478967927426827)	('>5k', 0.0)	('>10k+', 0.0)
hst3.4.8_TAATGCGC-TATAGCCT_L002_R2_001	(1.0, 65.51573967729529)	(2.0, 10.152848740598518)	(3.0, 3.74496802622974)	(4.0, 3.1046240259668174)	(5.0, 2.4531243832921605)	(6.0, 1.7450805721849156)	(7.0, 1.0739946807787875)	(8.0, 0.6566423231636692)	(9.0, 0.4029432163291141)	('>10', 11.013214262377492)	('>50', 0.10330567513829507)	('>100', 0.0)	('>500', 0.0)	('>1k', 0.033514416645186174)	('>5k', 0.0)	('>10k+', 0.0)
hst3.4.9_CGGCTATG-TATAGCCT_L001_R1_001	(1.0, 64.93195308332734)	(2.0, 9.77920624453532)	(3.0, 4.063526192918585)	(4.0, 3.164473466644761)	(5.0, 2.1434031970448073)	(6.0, 1.4145989706887963)	(7.0, 0.8456392464371209)	(8.0, 0.4529528708253131)	(9.0, 0.27435470399789236)	('>10', 12.771559445585371)	('>50', 0.11450313210928068)	('>100', 0.0)	('>500', 0.0)	('>1k', 0.04382944588537379)	('>5k', 0.0)	('>10k+', 0.0)
hst3.4.9_CGGCTATG-TATAGCCT_L001_R2_001	(1.0, 65.82888173420089)	(2.0, 9.59780782290467)	(3.0, 3.9976346115614234)	(4.0, 3.0966562993621802)	(5.0, 2.1714938450995955)	(6.0, 1.342453432519537)	(7.0, 0.775986169575726)	(8.0, 0.45300334511983575)	(9.0, 0.2619261953748151)	('>10', 12.318471406083056)	('>50', 0.11391399298410673)	('>100', 0.0)	('>500', 0.0)	('>1k', 0.04177114521415536)	('>5k', 0.0)	('>10k+', 0.0)
hst3.4.9_CGGCTATG-TATAGCCT_L002_R1_001	(1.0, 64.81176830702785)	(2.0, 9.77923042263794)	(3.0, 3.924174437126375)	(4.0, 3.1239597091990485)	(5.0, 2.159901049099252)	(6.0, 1.4569089965752893)	(7.0, 0.8725670038623348)	(8.0, 0.44887606800415764)	(9.0, 0.2998471697953395)	('>10', 12.972372708449939)	('>50', 0.10802526336706891)	('>100', 0.0)	('>500', 0.0)	('>1k', 0.04236886485541878)	('>5k', 0.0)	('>10k+', 0.0)
hst3.4.9_CGGCTATG-TATAGCCT_L002_R2_001	(1.0, 65.78819248744223)	(2.0, 9.422048533906095)	(3.0, 3.9404300675512594)	(4.0, 3.048107772076849)	(5.0, 2.123115054062123)	(6.0, 1.3793992879527175)	(7.0, 0.8049897139363483)	(8.0, 0.4745075315021089)	(9.0, 0.30376897584956813)	('>10', 12.565208581299434)	('>50', 0.10935767720014423)	('>100', 0.0)	('>500', 0.0)	('>1k', 0.0408743172211084)	('>5k', 0.0)	('>10k+', 0.0)
