Sample	fastqc-percent_duplicates	fastqc-percent_gc	fastqc-avg_sequence_length	fastqc-median_sequence_length	fastqc-percent_fails	fastqc-total_sequences
hst3.4.10_TCTCGCGC-TATAGCCT_L001_R1_001	27.23931671660803	36.0	101.0	101	9.090909090909092	3.527716
hst3.4.10_TCTCGCGC-TATAGCCT_L001_R2_001	26.64381374074287	36.0	101.0	101	9.090909090909092	3.527716
hst3.4.10_TCTCGCGC-TATAGCCT_L002_R1_001	27.364726909226817	36.0	101.0	101	9.090909090909092	3.604504
hst3.4.10_TCTCGCGC-TATAGCCT_L002_R2_001	26.706533862293725	36.0	101.0	101	9.090909090909092	3.604504
hst3.4.11_AGCGATAG-TATAGCCT_L001_R1_001	26.406575572567164	36.0	101.0	101	9.090909090909092	2.944813
hst3.4.11_AGCGATAG-TATAGCCT_L001_R2_001	25.533165754873238	36.0	101.0	101	9.090909090909092	2.944813
hst3.4.11_AGCGATAG-TATAGCCT_L002_R1_001	26.78228011441726	36.0	101.0	101	9.090909090909092	2.995634
hst3.4.11_AGCGATAG-TATAGCCT_L002_R2_001	25.961378176436995	36.0	101.0	101	9.090909090909092	2.995634
hst3.4.12_CGGCTATG-GGCTCTGA_L001_R1	26.527626272528835	36.0	100.4659258317206	100	9.090909090909092	3.0036829999999997
hst3.4.12_CGGCTATG-GGCTCTGA_L001_R2	26.42566237085957	36.0	100.4659258317206	100	9.090909090909092	3.0036829999999997
hst3.4.12_CGGCTATG-GGCTCTGA_L002_R1	26.867843076832827	36.0	100.4647029534317	100	9.090909090909092	3.05272
hst3.4.12_CGGCTATG-GGCTCTGA_L002_R2	26.51163537095246	36.0	100.4647029534317	100	9.090909090909092	3.05272
hst3.4.13_TCCGCGAA-GGCTCTGA_L001_R1_001	26.20959981590832	35.0	101.0	101	9.090909090909092	3.0640549999999998
hst3.4.13_TCCGCGAA-GGCTCTGA_L001_R2_001	25.602555750193474	35.0	101.0	101	9.090909090909092	3.0640549999999998
hst3.4.13_TCCGCGAA-GGCTCTGA_L002_R1_001	26.433700633843173	35.0	101.0	101	9.090909090909092	3.123512
hst3.4.13_TCCGCGAA-GGCTCTGA_L002_R2_001	25.62875190806156	35.0	101.0	101	9.090909090909092	3.123512
hst3.4.14_TCTCGCGC-GGCTCTGA_L001_R1_001	27.745009238378174	35.0	101.0	101	9.090909090909092	3.2285179999999998
hst3.4.14_TCTCGCGC-GGCTCTGA_L001_R2_001	26.95003220031053	35.0	101.0	101	9.090909090909092	3.2285179999999998
hst3.4.14_TCTCGCGC-GGCTCTGA_L002_R1_001	27.863390402118938	35.0	101.0	101	9.090909090909092	3.289701
hst3.4.14_TCTCGCGC-GGCTCTGA_L002_R2_001	27.358053233637776	35.0	101.0	101	9.090909090909092	3.289701
hst3.4.15_AGCGATAG-GGCTCTGA_L001_R1_001	25.353200721069584	36.0	101.0	101	9.090909090909092	2.953381
hst3.4.15_AGCGATAG-GGCTCTGA_L001_R2_001	24.68956133479729	36.0	101.0	101	9.090909090909092	2.953381
hst3.4.15_AGCGATAG-GGCTCTGA_L002_R1_001	25.38914688398873	36.0	101.0	101	9.090909090909092	2.9945709999999996
hst3.4.15_AGCGATAG-GGCTCTGA_L002_R2_001	24.778354901386294	36.0	101.0	101	9.090909090909092	2.9945709999999996
hst3.4.16_TCTCGCGC-CAGGACGT_L001_R1_001	26.19385701370817	36.0	101.0	101	9.090909090909092	3.686382
hst3.4.16_TCTCGCGC-CAGGACGT_L001_R2_001	25.66453372590118	36.0	101.0	101	9.090909090909092	3.686382
hst3.4.16_TCTCGCGC-CAGGACGT_L002_R1_001	26.533064209190755	36.0	101.0	101	9.090909090909092	3.757186
hst3.4.16_TCTCGCGC-CAGGACGT_L002_R2_001	25.95549224720402	36.0	101.0	101	9.090909090909092	3.757186
hst3.4.1_ATTACTCG-TATAGCCT_L001_R1	25.937060547776	36.0	100.46115661870131	100	9.090909090909092	3.0750669999999998
hst3.4.1_ATTACTCG-TATAGCCT_L001_R2	25.777867774899377	36.0	100.46115661870131	100	9.090909090909092	3.0750669999999998
hst3.4.1_ATTACTCG-TATAGCCT_L002_R1	26.148961946676792	36.0	100.46282650697802	100	9.090909090909092	3.1297569999999997
hst3.4.1_ATTACTCG-TATAGCCT_L002_R2	25.841460159514114	36.0	100.46282650697802	100	9.090909090909092	3.1297569999999997
hst3.4.2_TCCGGAGA-TATAGCCT_L001_R1	22.90017680869589	36.0	100.46392675736648	100	9.090909090909092	2.89012
hst3.4.2_TCCGGAGA-TATAGCCT_L001_R2	22.79501244642171	36.0	100.46392675736648	100	9.090909090909092	2.89012
hst3.4.2_TCCGGAGA-TATAGCCT_L002_R1	23.36173329715207	36.0	100.46419500263143	100	9.090909090909092	2.950873
hst3.4.2_TCCGGAGA-TATAGCCT_L002_R2	23.007140852595697	36.0	100.46419500263143	100	9.090909090909092	2.950873
hst3.4.3_CGCTCATT-TATAGCCT_L001_R1_001	25.190451024411274	36.0	101.0	101	9.090909090909092	3.373834
hst3.4.3_CGCTCATT-TATAGCCT_L001_R2_001	24.359902672155343	36.0	101.0	101	9.090909090909092	3.373834
hst3.4.3_CGCTCATT-TATAGCCT_L002_R1_001	25.45987488933153	36.0	101.0	101	9.090909090909092	3.45038
hst3.4.3_CGCTCATT-TATAGCCT_L002_R2_001	24.649848865697294	36.0	101.0	101	9.090909090909092	3.45038
hst3.4.4_GAGATTCC-TATAGCCT_L001_R1_001	27.472734686569027	36.0	101.0	101	9.090909090909092	4.308015999999999
hst3.4.4_GAGATTCC-TATAGCCT_L001_R2_001	26.623230178072248	36.0	101.0	101	9.090909090909092	4.308015999999999
hst3.4.4_GAGATTCC-TATAGCCT_L002_R1_001	27.66375279239935	36.0	101.0	101	9.090909090909092	4.390057
hst3.4.4_GAGATTCC-TATAGCCT_L002_R2_001	26.833423344447226	36.0	101.0	101	9.090909090909092	4.390057
hst3.4.5_ATTCAGAA-TATAGCCT_L001_R1_001	28.01104978350132	36.0	101.0	101	9.090909090909092	4.222135
hst3.4.5_ATTCAGAA-TATAGCCT_L001_R2_001	27.30167339860644	36.0	101.0	101	9.090909090909092	4.222135
hst3.4.5_ATTCAGAA-TATAGCCT_L002_R1_001	28.14276462995454	36.0	101.0	101	9.090909090909092	4.32886
hst3.4.5_ATTCAGAA-TATAGCCT_L002_R2_001	27.41671301924194	36.0	101.0	101	9.090909090909092	4.32886
hst3.4.6_GAATTCGT-TATAGCCT_L001_R1_001	28.71448581782235	35.0	101.0	101	9.090909090909092	3.7371649999999996
hst3.4.6_GAATTCGT-TATAGCCT_L001_R2_001	28.121804150664133	35.0	101.0	101	9.090909090909092	3.7371649999999996
hst3.4.6_GAATTCGT-TATAGCCT_L002_R1_001	29.321829650041536	35.0	101.0	101	9.090909090909092	3.8264579999999997
hst3.4.6_GAATTCGT-TATAGCCT_L002_R2_001	28.636142194875134	35.0	101.0	101	9.090909090909092	3.8264579999999997
hst3.4.7_CTGAAGCT-TATAGCCT_L001_R1	25.288936166034688	36.0	100.46455401757439	100	9.090909090909092	4.030753
hst3.4.7_CTGAAGCT-TATAGCCT_L001_R2	25.18321450859709	36.0	100.46455401757439	100	9.090909090909092	4.030753
hst3.4.7_CTGAAGCT-TATAGCCT_L002_R1	25.574005201031497	36.0	100.46405429951925	100	9.090909090909092	4.12895
hst3.4.7_CTGAAGCT-TATAGCCT_L002_R2	25.519913038733165	36.0	100.46405429951925	100	9.090909090909092	4.12895
hst3.4.8_TAATGCGC-TATAGCCT_L001_R1_001	26.134554462121656	36.0	101.0	101	9.090909090909092	3.571408
hst3.4.8_TAATGCGC-TATAGCCT_L001_R2_001	25.56034930993323	36.0	101.0	101	9.090909090909092	3.571408
hst3.4.8_TAATGCGC-TATAGCCT_L002_R1_001	26.304375856467004	36.0	101.0	101	9.090909090909092	3.642792
hst3.4.8_TAATGCGC-TATAGCCT_L002_R2_001	25.793740875230668	36.0	101.0	101	9.090909090909092	3.642792
hst3.4.9_CGGCTATG-TATAGCCT_L001_R1_001	26.571511110431445	36.0	101.0	101	9.090909090909092	3.067671
hst3.4.9_CGGCTATG-TATAGCCT_L001_R2_001	25.82349768626267	36.0	101.0	101	9.090909090909092	3.067671
hst3.4.9_CGGCTATG-TATAGCCT_L002_R1_001	26.727854217451153	36.0	101.0	101	9.090909090909092	3.113504
hst3.4.9_CGGCTATG-TATAGCCT_L002_R2_001	25.973704921245016	36.0	101.0	101	9.090909090909092	3.113504
